4056120,PILGER         ,SK, station not joined, Monthly mean of homogenized daily maximum temperature                  , Deg Celcius,          Updated to December 2017
4056120,PILGER         ,SK, station non jointe, Moyenne mensuelle des temperatures quotidiennes maximales homogeneisees, Deg Celsius, Mise a jour jusqu a decembre 2017
 Year,     Jan, ,     Feb, ,     Mar, ,     Apr, ,     May, ,     Jun, ,     Jul, ,     Aug, ,     Sep, ,     Oct, ,     Nov, ,     Dec, ,  Annual, ,  Winter, ,  Spring, ,  Summer, ,  Autumn
Annee,    Janv, ,     Fev, ,    Mars, ,     Avr, ,     Mai, ,    Juin, ,    Juil, ,    Aout, ,    Sept, ,     Oct, ,     Nov, ,     Dec, ,  Annuel, ,   Hiver, ,Printemp, ,     Ete, , Automne
 1911, -9999.9,M, -9999.9,M, -9999.9,M, -9999.9,M, -9999.9,M, -9999.9,M, -9999.9,M, -9999.9,M, -9999.9,M,     9.8, ,    -7.3, ,   -10.8, , -9999.9,M, -9999.9,M, -9999.9,M, -9999.9,M, -9999.9,M
 1912, -9999.9,M, -9999.9,M, -9999.9,M, -9999.9,M, -9999.9,M, -9999.9,M, -9999.9,M, -9999.9,M, -9999.9,M, -9999.9,M, -9999.9,M, -9999.9,M, -9999.9,M, -9999.9,M, -9999.9,M, -9999.9,M, -9999.9,M
 1913,   -19.2, ,   -12.1, ,    -7.8, ,    10.2, ,    14.5, ,    21.5, ,    21.2, ,    21.4, ,    19.0, ,     6.7, ,     1.7, ,    -3.7, ,     6.1, , -9999.9,M,     5.6, ,    21.4, ,     9.1, 
 1914,   -10.1, ,   -15.8, ,    -1.5, ,     8.0, ,    16.7, ,    21.1, ,    27.9, ,    22.9, ,    19.0, ,    12.4, ,    -0.5, ,   -13.3, ,     7.2, ,    -9.9, ,     7.7, ,    24.0, ,    10.3, 
 1915,   -12.9, ,    -5.0, ,    -1.5, ,    16.2, ,    18.0, ,    18.2, ,    19.8, ,    25.2, ,    13.4, ,    12.0, ,    -2.4, ,    -8.0, ,     7.8, ,   -10.4, ,    10.9, ,    21.1, ,     7.7, 
 1916,   -22.4, ,   -11.5, ,    -4.9, ,     7.7, ,    13.9, ,    18.4, ,    23.9, ,    21.8, ,    16.0, ,     6.6, ,     0.2, ,   -14.9, ,     4.6, ,   -14.0, ,     5.6, ,    21.4, ,     7.6, 
 1917,   -18.0, ,   -16.4, ,    -3.6, ,     3.0, ,    17.9, ,    20.0, ,    25.6, ,    23.0, ,    19.1, ,     5.7, ,     7.5, ,   -19.5, ,     5.4, ,   -16.4, ,     5.8, ,    22.9, ,    10.8, 
 1918,   -16.2, ,   -11.3, ,     0.3, ,    11.1, ,    13.6, ,    23.1, ,    24.4, ,    24.1, ,    19.6, ,    11.6, ,     3.9, ,    -4.5, ,     8.3, ,   -15.7, ,     8.3, ,    23.9, ,    11.7, 
 1919,    -4.4, ,   -11.5, ,    -6.5, ,    12.7, ,    21.9, ,    27.8, ,    27.2, ,    26.6, ,    18.4, ,     4.1, ,    -6.7, ,   -11.4, ,     8.2, ,    -6.8, ,     9.4, ,    27.2, ,     5.3, 
 1920,   -15.0, ,    -3.7, ,    -2.8, ,     1.9, ,    18.9, ,    23.3, ,    28.4, ,    27.8, ,    21.5, ,    13.9, ,     0.6, ,    -7.4, ,     9.0, ,   -10.0, ,     6.0, ,    26.5, ,    12.0, 
 1921,    -9.2, ,    -7.1, ,    -4.2, ,     5.9, ,    17.1, ,    24.1, ,    25.5, ,    24.6, ,    17.1, ,    12.4, ,    -4.8, ,    -7.7, ,     7.8, ,    -7.9, ,     6.3, ,    24.7, ,     8.2, 
 1922,   -11.6, ,   -15.1, ,    -2.3, ,    10.1, ,    18.4, ,    23.8, ,    25.9, ,    25.3, ,    20.9, ,     9.7, ,     1.5, ,   -12.4, ,     7.9, ,   -11.5, ,     8.7, ,    25.0, ,    10.7, 
 1923,   -11.4, ,   -10.5, ,    -6.3, ,     9.5, ,    18.8, ,    22.6, ,    25.0, ,    21.7, ,    18.3, ,    14.0, ,     4.4, ,    -4.3, ,     8.5, ,   -11.4, ,     7.3, ,    23.1, ,    12.2, 
 1924,   -14.6, ,    -4.1, ,    -0.9, ,     7.2, ,    16.9, ,    20.9, ,    26.1, ,    21.2, ,    20.7, ,    14.7, ,    -2.4, ,   -13.4, ,     7.7, ,    -7.7, ,     7.7, ,    22.7, ,    11.0, 
 1925,   -12.6, ,    -9.4, ,    -1.8, ,    10.9, ,    20.7, ,    21.1, ,    25.1, ,    24.5, ,    18.2, ,     4.7, ,     1.0, ,    -5.4, ,     8.1, ,   -11.8, ,     9.9, ,    23.6, ,     8.0, 
 1926,    -6.0, ,    -3.5, ,     1.1, ,    12.8, ,    19.1, ,    21.1, , -9999.9,M,    23.9, ,    14.0, ,     8.1, ,    -5.3, ,   -10.6, , -9999.9,M,    -5.0, ,    11.0, , -9999.9,M,     5.6, 
 1927,   -10.5, ,   -10.6, ,    -0.5, ,     7.7, ,    14.8, ,    21.1, ,    23.4, ,    23.8, ,    17.5, ,    12.0, ,    -7.9, ,   -14.4, ,     6.4, ,   -10.6, ,     7.3, ,    22.8, ,     7.2, 
 1928,    -7.8, ,    -4.2, ,     0.0, ,     5.9, ,    21.4, ,    19.9, ,    24.2, ,    21.3, ,    18.0, ,     9.1, ,     3.3, ,    -3.9, ,     8.9, ,    -8.8, ,     9.1, ,    21.8, ,    10.1, 
 1929,   -18.9, ,   -13.0, ,     0.5, ,     7.7, ,    15.9, ,    22.2, ,    25.0, ,    25.7, ,    16.6, ,    15.1, ,    -0.6, ,   -12.2, ,     7.0, ,   -11.9, ,     8.0, ,    24.3, ,    10.4, 
 1930,   -19.1, ,    -6.3, ,    -1.0, ,    11.9, ,    16.3, ,    21.8, , -9999.9,M,    26.8, ,    16.5, ,     5.8, ,     0.3, ,    -2.2, , -9999.9,M,   -12.5, ,     9.1, , -9999.9,M,     7.5, 
 1931,    -4.9, ,     0.9, ,    -1.8, ,    12.6, ,    19.0, ,    23.1, ,    23.9, ,    24.6, ,    17.7, ,    12.5, ,    -0.7, , -9999.9,M, -9999.9,M,    -2.1, ,     9.9, ,    23.9, ,     9.8, 
 1932,   -11.6, ,   -10.1, ,    -8.4, , -9999.9,M, -9999.9,M,    21.7, ,    23.4, ,    24.0, , -9999.9,M,     6.4, ,    -4.0, ,   -10.5, , -9999.9,M, -9999.9,M, -9999.9,M,    23.0, , -9999.9,M
 1933,   -12.5, ,   -11.5, ,    -3.1, ,     6.3, ,    17.0, ,    23.4, ,    24.6, ,    25.9, ,    16.8, ,     8.1, ,    -1.8, ,   -17.4, ,     6.3, ,   -11.5, ,     6.7, ,    24.6, ,     7.7, 
 1934,    -7.0, ,    -4.2, ,    -2.7, ,    10.3, ,    21.6, ,    19.6, ,    24.2, ,    23.4, ,    13.8, ,    13.5, ,     0.7, ,   -11.0, ,     8.5, ,    -9.5, ,     9.7, ,    22.4, ,     9.3, 
 1935,   -19.1, ,    -3.8, ,    -5.9, ,     6.6, ,    14.8, ,    19.3, , -9999.9,M,    20.9, ,    18.1, ,     9.6, ,    -8.2, ,    -8.9, , -9999.9,M,   -11.3, ,     5.2, , -9999.9,M,     6.5, 
 1936,   -20.3, ,   -23.2, ,    -3.6, , -9999.9,M,    20.3, ,    20.3, , -9999.9,M,    25.9, ,    18.3, ,     9.1, ,     1.1, ,   -11.2, , -9999.9,M,   -17.5, , -9999.9,M, -9999.9,M,     9.5, 
 1937,   -21.9, ,   -14.5, ,    -2.3, ,     9.2, ,    20.1, ,    25.0, ,    28.4, ,    25.9, ,    19.2, ,     9.7, ,    -3.7, ,   -11.8, ,     6.9, ,   -15.9, ,     9.0, ,    26.4, ,     8.4, 
 1938,   -10.9, ,   -14.0, ,     0.7, ,     8.4, ,    16.3, ,    21.9, ,    25.4, ,    24.3, ,    24.1, ,    12.9, ,    -4.6, ,    -8.5, ,     8.0, ,   -12.2, ,     8.5, ,    23.9, ,    10.8, 
 1939,    -9.3, ,   -17.4, ,    -4.4, ,     9.1, ,    18.7, ,    18.4, ,    28.8, ,    26.5, ,    18.1, ,     8.1, ,     2.6, ,    -3.2, ,     8.0, ,   -11.7, ,     7.8, ,    24.6, ,     9.6, 
 1940,   -13.4, ,    -8.3, ,    -2.8, , -9999.9,M,    22.1, ,    21.8, , -9999.9,M, -9999.9,M, -9999.9,M, -9999.9,M,    -7.0, ,    -8.7, , -9999.9,M,    -8.3, , -9999.9,M, -9999.9,M, -9999.9,M
 1941,   -12.6, , -9999.9,M, -9999.9,M, -9999.9,M, -9999.9,M, -9999.9,M, -9999.9,M, -9999.9,M, -9999.9,M, -9999.9,M, -9999.9,M, -9999.9,M, -9999.9,M, -9999.9,M, -9999.9,M, -9999.9,M, -9999.9,M
 1942, -9999.9,M, -9999.9,M, -9999.9,M, -9999.9,M, -9999.9,M, -9999.9,M, -9999.9,M, -9999.9,M, -9999.9,M, -9999.9,M, -9999.9,M, -9999.9,M, -9999.9,M, -9999.9,M, -9999.9,M, -9999.9,M, -9999.9,M
 1943, -9999.9,M, -9999.9,M, -9999.9,M, -9999.9,M, -9999.9,M, -9999.9,M, -9999.9,M, -9999.9,M, -9999.9,M, -9999.9,M, -9999.9,M,    -4.7, , -9999.9,M, -9999.9,M, -9999.9,M, -9999.9,M, -9999.9,M
 1944,    -6.5, ,    -9.8, , -9999.9,M, -9999.9,M, -9999.9,M, -9999.9,M, -9999.9,M, -9999.9,M, -9999.9,M,    15.5, ,    -3.5, , -9999.9,M, -9999.9,M,    -7.0, , -9999.9,M, -9999.9,M, -9999.9,M
 1945, -9999.9,M,    -9.2, ,     2.2, ,     2.8, ,    14.4, ,    19.0, ,    25.4, ,    24.8, ,    14.9, ,    10.9, ,    -6.8, ,   -13.6, , -9999.9,M, -9999.9,M,     6.5, ,    23.1, ,     6.3, 
 1946,   -11.5, ,   -11.8, ,     1.1, ,    13.8, ,    16.2, ,    20.2, ,    27.3, ,    24.8, ,    17.5, ,     6.1, ,    -4.1, ,   -12.8, ,     7.2, ,   -12.3, ,    10.4, ,    24.1, ,     6.5, 
 1947,    -9.0, ,   -14.3, ,    -5.0, ,     5.6, ,    14.1, ,    21.8, ,    29.5, ,    23.7, ,    16.8, ,    13.7, ,    -5.4, ,   -10.3, ,     6.8, ,   -12.0, ,     4.9, ,    25.0, ,     8.4, 
 1948,    -8.7, ,   -15.1, ,    -7.6, ,     0.7, ,    19.0, ,    24.0, , -9999.9,M,    24.2, ,    21.5, ,    13.6, ,    -1.5, ,   -12.8, , -9999.9,M,   -11.4, ,     4.0, , -9999.9,M,    11.2, 
 1949,   -13.3, ,   -16.3, ,    -1.9, ,    14.1, ,    18.3, ,    21.3, ,    23.4, ,    27.6, ,    19.0, ,     7.6, ,     4.8, ,   -15.6, ,     7.4, ,   -14.1, ,    10.2, ,    24.1, ,    10.5, 
 1950,   -28.2, ,   -11.5, ,    -5.5, ,     4.4, ,    15.9, ,    22.8, ,    25.3, ,    23.0, ,    21.1, ,     8.1, ,    -6.8, ,   -11.5, ,     4.8, ,   -18.4, ,     4.9, ,    23.7, ,     7.5, 
 1951,   -16.8, ,   -12.2, ,    -9.5, ,     5.3, ,    19.1, ,    19.6, ,    23.6, ,    20.5, ,    14.8, ,     5.4, ,    -5.2, ,   -16.3, ,     4.0, ,   -13.5, ,     5.0, ,    21.2, ,     5.0, 
 1952,   -18.2, ,    -6.7, ,    -5.0, ,    15.6, ,    18.9, ,    21.5, ,    24.6, ,    24.0, ,    18.1, , -9999.9,M,     1.7, ,    -7.5, , -9999.9,M,   -13.7, ,     9.8, ,    23.4, , -9999.9,M
 1953,   -14.5, ,    -6.5, ,    -3.7, ,     5.3, , -9999.9,M,    21.7, ,    24.4, , -9999.9,M,    16.8, ,    15.8, ,     2.8, ,    -6.2, , -9999.9,M,    -9.5, , -9999.9,M, -9999.9,M,    11.8, 
 1954,   -21.2, ,    -1.7, ,    -4.9, ,    -0.1, ,    12.9, ,    19.8, ,    23.9, ,    20.2, ,    15.2, ,    11.3, ,     3.2, ,    -2.8, ,     6.3, ,    -9.7, ,     2.6, ,    21.3, ,     9.9, 
 1955,   -10.9, ,   -10.7, ,    -8.8, ,     9.4, ,    16.3, ,    23.2, ,    25.3, ,    25.9, ,    15.9, ,    10.7, ,   -10.0, ,   -14.9, ,     6.0, ,    -8.1, ,     5.6, ,    24.8, ,     5.5, 
 1956,   -15.5, ,   -12.0, ,    -5.9, ,     3.8, ,    18.2, ,    23.4, ,    23.9, ,    24.0, ,    16.2, ,    10.4, ,     0.0, ,    -9.5, ,     6.4, ,   -14.1, ,     5.4, ,    23.8, ,     8.9, 
 1957,   -14.9, ,   -10.2, ,    -3.4, ,     6.0, ,    18.8, ,    20.9, ,    27.0, ,    21.1, ,    17.2, ,     9.1, ,    -1.2, ,    -7.9, ,     6.9, ,   -11.5, ,     7.1, ,    23.0, ,     8.4, 
 1958,    -6.6, ,   -11.9, ,    -2.1, ,    10.1, ,    20.5, ,    21.0, ,    23.8, ,    25.5, ,    17.1, ,    10.9, ,    -3.4, ,   -10.7, ,     7.9, ,    -8.8, ,     9.5, ,    23.4, ,     8.2, 
 1959,   -17.8, ,   -10.0, ,     2.1, ,    10.9, ,    16.8, ,    22.1, ,    26.5, ,    22.4, ,    15.1, ,     4.1, ,    -4.2, ,    -3.4, ,     7.1, ,   -12.8, ,     9.9, ,    23.7, ,     5.0, 
 1960,   -15.1, ,   -10.6, ,    -5.6, ,     6.5, ,    17.7, ,    19.7, ,    28.1, ,    25.3, ,    20.1, ,    11.5, ,    -3.2, ,    -7.8, ,     7.2, ,    -9.7, ,     6.2, ,    24.4, ,     9.5, 
 1961,   -10.4, ,    -7.1, ,    -0.9, ,     7.0, ,    18.1, ,    26.6, ,    26.7, ,    30.2, , -9999.9,M,     9.2, ,    -2.1, ,   -16.8, , -9999.9,M,    -8.4, ,     8.1, ,    27.8, , -9999.9,M
 1962, -9999.9,M,   -14.5, ,    -5.4, ,     7.5, ,    17.7, ,    24.7, ,    24.3, ,    25.2, ,    18.6, ,    13.5, ,     2.8, ,    -7.7, , -9999.9,M, -9999.9,M,     6.6, ,    24.7, ,    11.6, 
 1963,   -16.8, ,   -10.0, ,     0.4, ,    10.8, ,    17.4, ,    21.2, ,    26.0, ,    26.5, ,    21.4, ,    17.3, ,    -0.5, ,   -10.8, ,     8.6, ,   -11.5, ,     9.5, ,    24.6, ,    12.7, 
 1964,   -10.0, ,    -3.4, ,    -7.3, ,    10.3, ,    19.8, ,    23.5, ,    25.4, ,    20.7, ,    14.4, ,    12.3, ,    -2.0, ,   -16.4, ,     7.3, ,    -8.1, ,     7.6, ,    23.2, ,     8.2, 
 1965,   -16.8, ,   -13.2, ,    -6.4, ,     8.4, ,    18.7, ,    22.3, ,    25.3, ,    24.9, ,    12.4, ,    14.4, ,    -4.6, ,    -8.3, ,     6.4, ,   -15.5, ,     6.9, ,    24.2, ,     7.4, 
 1966,   -22.2, ,   -11.5, ,    -0.4, ,     5.5, ,    18.1, ,    20.1, ,    23.6, ,    22.4, ,    20.9, ,    10.6, ,    -6.6, ,   -10.3, ,     5.9, ,   -14.0, ,     7.7, ,    22.0, ,     8.3, 
 1967,   -14.0, ,   -10.4, ,    -4.3, ,     2.7, ,    17.8, ,    21.2, ,    26.1, ,    26.6, ,    23.8, ,     7.4, ,    -1.6, ,    -9.2, ,     7.2, ,   -11.6, ,     5.4, ,    24.6, ,     9.9, 
 1968,   -14.1, ,    -7.9, ,     2.6, ,    10.8, ,    17.9, ,    22.3, ,    24.8, ,    19.4, ,    17.4, ,    10.0, ,     0.6, ,   -12.0, ,     7.7, ,   -10.4, ,    10.4, ,    22.2, ,     9.3, 
 1969,   -22.5, ,    -9.5, ,    -2.9, ,    12.6, ,    19.0, ,    20.8, ,    23.6, ,    27.3, ,    18.4, ,     5.2, ,     0.2, ,    -6.7, ,     7.1, ,   -14.7, ,     9.6, ,    23.9, ,     7.9, 
 1970,   -14.8, ,    -7.3, ,    -6.0, ,     6.2, ,    17.0, ,    24.2, ,    25.1, ,    26.0, ,    18.3, ,    10.5, ,    -4.9, ,   -15.6, ,     6.6, ,    -9.6, ,     5.7, ,    25.1, ,     8.0, 
 1971,   -19.3, ,    -7.9, ,    -3.6, ,     8.8, ,    21.6, ,    21.1, ,    21.6, ,    26.0, ,    18.1, ,     9.9, ,    -2.7, ,   -13.7, ,     6.7, ,   -14.3, ,     8.9, ,    22.9, ,     8.4, 
 1972,   -18.8, ,   -15.4, ,    -4.1, ,     6.8, ,    20.3, ,    23.9, ,    20.9, ,    25.9, ,    13.3, ,     7.5, ,    -2.6, ,   -15.6, ,     5.2, ,   -16.0, ,     7.7, ,    23.6, ,     6.1, 
 1973,    -9.3, ,    -8.9, ,     2.7, ,     6.7, ,    18.5, ,    20.4, ,    23.2, ,    24.9, ,    16.8, ,    11.4, ,    -8.5, ,   -12.6, ,     7.1, ,   -11.3, ,     9.3, ,    22.8, ,     6.6, 
 1974,   -19.4, ,    -9.8, ,    -7.8, ,     8.2, ,    11.1, ,    22.4, ,    25.4, ,    19.7, ,    14.2, ,    12.8, ,     1.2, ,    -3.9, ,     6.2, ,   -13.9, ,     3.8, ,    22.5, ,     9.4, 
 1975,   -10.0, ,   -11.8, ,    -5.8, ,     4.1, ,    16.9, ,    21.3, ,    27.9, ,    20.2, ,    17.6, ,    10.6, ,     0.6, ,    -8.5, ,     6.9, ,    -8.6, ,     5.1, ,    23.1, ,     9.6, 
 1976,   -10.4, ,    -5.9, ,    -3.9, ,    12.2, ,    21.7, ,    20.1, ,    24.2, ,    25.5, ,    22.5, ,     8.3, ,     0.3, ,    -7.5, ,     8.9, ,    -8.3, ,    10.0, ,    23.3, ,    10.4, 
 1977,   -15.4, ,    -1.1, ,     1.7, ,    16.0, ,    21.8, ,    23.1, ,    24.0, ,    20.6, ,    14.9, ,    12.2, ,    -3.4, ,   -15.0, ,     8.3, ,    -8.0, ,    13.2, ,    22.6, ,     7.9, 
 1978,   -17.2, ,   -10.3, ,    -1.9, ,     8.1, ,    21.0, ,    24.4, ,    24.4, ,    22.1, ,    17.2, ,    13.1, ,    -4.6, ,   -11.4, ,     7.1, ,   -14.2, ,     9.1, ,    23.6, ,     8.6, 
 1979,   -16.5, ,   -19.4, ,    -3.1, ,     1.5, ,    15.0, ,    23.3, ,    26.3, ,    22.9, ,    19.7, ,    10.0, ,    -1.3, ,    -8.5, ,     5.8, ,   -15.8, ,     4.5, ,    24.2, ,     9.5, 
 1980,   -14.0, ,    -8.9, ,    -6.1, ,    15.0, ,    22.1, ,    22.3, ,    24.5, ,    22.0, , -9999.9,M,    11.8,E,     2.3, ,   -12.0, , -9999.9,M,   -10.5, ,    10.3, ,    22.9, , -9999.9,M
 1981,    -6.1, ,    -5.9, ,     3.7, ,    10.7, ,    19.4, ,    21.1, ,    24.9, ,    27.1, ,    19.7, ,     7.1, ,     3.4, ,    -9.6,E,     9.6,E,    -8.0, ,    11.3, ,    24.4, ,    10.1, 
 1982,   -22.7,E,   -10.8, ,    -3.7,E,     7.6, ,    15.1, ,    21.8, ,    23.8,E,    21.3, ,    17.0,E,    10.0, ,    -5.7,E,    -9.2, ,     5.4,E,   -14.4,E,     6.3,E,    22.3,E,     7.1,E
 1983,    -9.1,E,    -7.4, ,    -3.7, ,     6.6,E,    14.7, ,    21.6, ,    24.6, ,    28.5, ,    15.8,E,    11.2, ,    -0.7, ,   -18.6, ,     7.0,E,    -8.6,E,     5.9,E,    24.9, ,     8.8,E
 1984,    -7.8, ,    -0.1,E,    -1.6, ,    14.0, ,    16.1, ,    22.4, ,    27.1, ,    28.3, ,    14.4,E,     7.6, ,    -5.6, ,   -14.6, ,     8.4,E,    -8.8,E,     9.5, ,    25.9, ,     5.5,E
 1985,   -11.6, ,   -12.0, ,     1.1, ,     9.4, ,    19.2,E,    19.0, ,    25.2, ,    22.3,E,    13.3, ,     9.9, ,   -11.5, ,    -9.2, ,     6.3,E,   -12.7, ,     9.9,E,    22.2,E,     3.9, 
 1986,    -6.4, ,   -10.1,E,     2.4, ,     9.0, ,    19.9, ,    23.3, ,    22.6, ,    24.0, ,    14.8, ,    11.4,E,    -5.5,E, -9999.9,M, -9999.9,M,    -8.6,E,    10.4, ,    23.3, ,     6.9,E
 1987, -9999.9,M,    -3.3,E,    -0.1, ,    14.6,E,    20.7,E,    25.2, ,    23.1, ,    20.0,E,    21.1,E,     8.8,E,     3.3, ,    -5.2, , -9999.9,M, -9999.9,M,    11.7,E,    22.8,E,    11.1,E
 1988,   -12.5,E,    -8.2, ,    -0.8,E,    10.9, ,    22.3, ,    27.7,E,    26.0, ,    22.3, ,    17.4,E,    10.7, ,    -1.8, ,    -7.3, ,     8.9,E,    -8.6,E,    10.8,E,    25.3,E,     8.8,E
 1989,    -9.7,E,   -12.1,E,    -5.6,E,    10.8, ,    18.6,E,    22.5, ,    27.2,E,    24.8, ,    18.0, ,    10.5, ,    -2.6,E,   -12.2, ,     7.5,E,    -9.7,E,     7.9,E,    24.8,E,     8.6,E
 1990,    -8.7,E,    -9.4, ,     1.8, ,     9.1,E,    17.8,E,    23.8, ,    23.4, ,    24.6,E,    21.0, ,     8.4, ,    -4.2,E, -9999.9,M, -9999.9,M,   -10.1,E,     9.6,E,    23.9,E,     8.4,E
 1991,   -12.5,E,    -3.2,E,    -2.0, ,    11.4,E,    17.5, ,    21.6,E,    23.9,E,    26.7, ,    17.7,E, -9999.9,M,    -5.7,E,    -7.2,E, -9999.9,M, -9999.9,M,     9.0,E,    24.1,E, -9999.9,M
 1992,    -5.4,E,    -5.9, ,     2.5, ,     9.4, ,    17.3, ,    21.0,E,    21.4,E,    21.3, ,    15.0, ,     9.4, ,    -0.8, ,   -14.3,E,     7.6,E,    -6.2,E,     9.7, ,    21.2,E,     7.9, 
 1993,   -12.9,E,    -9.0, ,     3.0, ,     9.4, ,    18.3, ,    18.9,E,    20.3, ,    20.9, ,    15.0, ,     9.4, ,    -4.1,E,    -7.0,E,     6.9,E,   -12.1,E,    10.2, ,    20.0,E,     6.8,E
 1994,   -18.4,E,   -16.1,E,     2.6,E,    11.1, ,    18.1, ,    21.0,E,    23.1, ,    22.5,E,    20.3, ,    11.1, ,    -1.3,E,    -9.0,E,     7.1,E,   -13.8,E,    10.6,E,    22.2,E,    10.0,E
 1995,   -11.3, ,    -8.3,E,    -3.5, ,     3.3, ,    18.4, ,    23.5, ,    23.4, ,    22.1, ,    19.4, ,     9.5, ,    -7.1, ,   -12.8,E,     6.4,E,    -9.5,E,     6.1, ,    23.0, ,     7.3, 
 1996,   -18.3, ,    -7.3, ,    -5.2,E,     6.9, ,    13.9, ,    22.3, ,    23.1,E,    25.0,E,    15.4, ,     8.0, ,    -8.3, ,   -15.6, ,     5.0,E,   -12.8,E,     5.2,E,    23.5,E,     5.0, 
 1997,   -15.8, ,    -7.3,E,    -4.3, ,     5.3, ,    16.4, ,    22.5, ,    24.8, ,    25.0, ,    20.2, ,     8.4, , -9999.9,M,    -1.5, , -9999.9,M,   -12.9,E,     5.8, ,    24.1, , -9999.9,M
 1998,   -14.5, ,    -1.4, ,    -2.1, ,    14.3, ,    20.5, ,    20.2, ,    24.2, ,    27.6, , -9999.9,M,     9.0, ,    -1.0, ,   -10.2, , -9999.9,M,    -5.8, ,    10.9, ,    24.0, , -9999.9,M
 1999,   -13.2, ,    -6.2, ,     0.3, ,    12.6, ,    16.2, ,    19.7,E,    21.8, ,    23.8, ,    17.3, ,    10.2, ,     3.0, ,    -3.9, ,     8.5,E,    -9.9, ,     9.7, ,    21.8,E,    10.2, 
 2000,   -13.4, ,    -5.6, ,     2.6, ,    10.0, ,    17.5, ,    19.6, ,    23.8, ,    23.3, ,    18.2, ,    11.9, ,    -2.4, ,   -15.6, ,     7.5, ,    -7.6, ,    10.0, ,    22.2, ,     9.2, 
 2001,    -5.3, ,   -12.0, ,     0.7, ,    10.3, ,    20.5, ,    22.3, ,    26.0, ,    28.3, ,    21.8, ,     8.9, ,     2.3, ,    -8.1, ,     9.6, ,   -11.0, ,    10.5, ,    25.5, ,    11.0, 
 2002,   -11.4, ,    -4.5, ,    -8.0, ,     5.3, ,    17.3, ,    24.1, , -9999.9,M,    22.7,E,    18.1, ,     3.7, ,    -1.7, ,    -5.5, , -9999.9,M,    -8.0, ,     4.9, , -9999.9,M,     6.7, 
 2003,   -12.5, ,   -12.2, ,    -3.9, ,     9.5, ,    19.7, ,    22.7, ,    25.2, ,    27.9, ,    17.4, ,    12.8, ,    -4.6, ,    -5.2, ,     8.1, ,   -10.1, ,     8.4, ,    25.3, ,     8.5, 
 2004,   -16.0, ,    -5.8, ,    -1.1, ,    10.3, ,    14.8, ,    20.0, ,    23.2, ,    19.9, ,    17.2, ,     8.8, ,     3.2, ,   -10.2, ,     7.0, ,    -9.0, ,     8.0, ,    21.0, ,     9.7, 
 2005,   -13.7, ,    -7.0, ,    -2.1, ,    12.4, ,    16.7, ,    19.3, ,    23.9, ,    21.1, ,    17.5, ,    11.0, ,     0.5, ,    -5.3, ,     7.9, ,   -10.3, ,     9.0, ,    21.4, ,     9.7, 
 2006,    -5.2, ,    -8.9, ,    -3.6, ,    12.9, ,    17.4, ,    22.0, ,    25.9, ,    24.9, ,    17.9, ,     5.9, ,    -5.2, ,    -6.3, ,     8.1, ,    -6.5, ,     8.9, ,    24.3, ,     6.2, 
 2007,    -8.9, ,   -12.8, ,    -0.8, ,     8.4, ,    17.2, ,    21.5, ,    26.8, ,    21.0, ,    16.4,E,    10.8, ,    -2.5, ,   -12.6, ,     7.0,E,    -9.3, ,     8.3, ,    23.1, ,     8.2,E
 2008,   -12.1, ,   -10.8, ,    -2.7, ,     6.9, ,    17.9, ,    21.8, ,    23.0, ,    24.1, ,    18.3, ,    11.1, ,     1.7, ,   -14.3, ,     7.1, ,   -11.8, ,     7.4, ,    23.0, ,    10.4, 
 2009,   -12.3, ,   -10.8, ,    -5.6, ,     8.1, ,    15.4, ,    21.5, ,    21.3, ,    20.9, ,    22.4, , -9999.9,M, -9999.9,M,   -12.0, , -9999.9,M,   -12.5, ,     6.0, ,    21.2, , -9999.9,M
 2010,    -9.6, ,    -9.2, ,     1.6, ,    11.7, ,    15.0, ,    20.6, ,    23.6, ,    21.6, ,    15.3, ,    12.4, ,    -3.5, ,   -10.1, ,     7.5, ,   -10.3, ,     9.4, ,    21.9, ,     8.1, 
 2011,   -11.4, ,   -10.5, ,    -6.9, ,     7.7, ,    17.3, ,    20.8, ,    23.9, ,    24.4, ,    22.6, , -9999.9,M, -9999.9,M, -9999.9,M, -9999.9,M,   -10.7, ,     6.0, ,    23.0, , -9999.9,M
