2201601,FORT MCPHERSON ,NT, station joined    , Monthly mean of homogenized daily minimum temperature                  , Deg Celcius,          Updated to December 2017
2201601,FORT MCPHERSON ,NT, station jointe    , Moyenne mensuelle des temperatures quotidiennes minimales homogeneisees, Deg Celsius, Mise a jour jusqu a decembre 2017
 Year,     Jan, ,     Feb, ,     Mar, ,     Apr, ,     May, ,     Jun, ,     Jul, ,     Aug, ,     Sep, ,     Oct, ,     Nov, ,     Dec, ,  Annual, ,  Winter, ,  Spring, ,  Summer, ,  Autumn
Annee,    Janv, ,     Fev, ,    Mars, ,     Avr, ,     Mai, ,    Juin, ,    Juil, ,    Aout, ,    Sept, ,     Oct, ,     Nov, ,     Dec, ,  Annuel, ,   Hiver, ,Printemp, ,     Ete, , Automne
 1940,   -26.3, ,   -26.4, ,   -26.4, ,   -12.3, ,    -4.7, ,     3.4, ,    10.1, ,     8.2, ,     3.6, ,    -6.6, ,   -21.6, ,   -30.8, ,   -10.8, , -9999.9,M,   -14.5, ,     7.2, ,    -8.2, 
 1941,   -33.3, ,   -29.0, ,   -30.2, ,   -17.2, ,    -1.6, ,     6.0, ,    10.6, ,     5.6, ,    -2.5, ,   -13.9, ,   -22.6, ,   -32.8, ,   -13.4, ,   -31.0, ,   -16.3, ,     7.4, ,   -13.0, 
 1942,   -25.3, ,   -30.0, ,   -27.4, ,   -17.5, ,    -1.9, ,     7.3, ,    11.3, ,     7.5, ,     0.2, ,    -6.9, , -9999.9,M,   -33.6, , -9999.9,M,   -29.4, ,   -15.6, ,     8.7, , -9999.9,M
 1943,   -34.1, ,   -26.4, ,   -26.9, ,   -14.7, ,    -0.2, ,     7.4, ,     9.9, ,     7.3, ,     0.6, ,    -6.5, ,   -19.5, ,   -28.9, ,   -11.0, ,   -31.4, ,   -13.9, ,     8.2, ,    -8.5, 
 1944,   -29.8, ,   -28.7, ,   -24.9, ,   -12.4, ,    -4.1, ,     7.2, ,     9.6, ,     4.7, ,     0.1, ,    -7.1, ,   -23.6, ,   -27.5, ,   -11.4, ,   -29.1, ,   -13.8, ,     7.2, ,   -10.2, 
 1945,   -30.6, ,   -28.4, ,   -26.9, ,   -17.4, ,    -5.2, ,     5.8, ,     9.4, ,     7.2, ,    -1.0, ,    -7.6, ,   -26.8, ,   -33.0, ,   -12.9, ,   -28.8, ,   -16.5, ,     7.5, ,   -11.8, 
 1946,   -33.6, ,   -35.1, ,   -26.3, ,   -18.1, ,    -1.4, ,     7.3, ,     8.2, ,     6.7, ,    -0.5, ,    -7.7, ,   -23.0, ,   -36.0, ,   -13.3, ,   -33.9, ,   -15.3, ,     7.4, ,   -10.4, 
 1947,   -32.9, ,   -34.4, ,   -21.0, ,   -18.7, ,    -3.4, ,     3.9, ,     9.4, ,     4.0, ,    -1.8, , -9999.9,M, -9999.9,M,   -26.1, , -9999.9,M,   -34.4, ,   -14.4, ,     5.8, , -9999.9,M
 1948,   -28.9, , -9999.9,M,   -24.7, , -9999.9,M, -9999.9,M, -9999.9,M, -9999.9,M, -9999.9,M, -9999.9,M,   -13.2, ,   -25.1, ,   -35.1, , -9999.9,M, -9999.9,M, -9999.9,M, -9999.9,M, -9999.9,M
 1949,   -31.2, ,   -35.5, ,   -19.2, ,   -19.7, ,    -5.6, ,     3.5, ,     8.5, ,     8.7, ,     2.8, ,    -7.7, ,   -16.0, ,   -28.9, ,   -11.7, ,   -33.9, ,   -14.8, ,     6.9, ,    -7.0, 
 1950,   -26.2, ,   -35.6, ,   -24.2, ,   -17.0, ,    -2.0, ,     6.5, ,     9.2, ,     5.4, , -9999.9,M, -9999.9,M, -9999.9,M, -9999.9,M, -9999.9,M,   -30.2, ,   -14.4, ,     7.0, , -9999.9,M
 1951, -9999.9,M, -9999.9,M, -9999.9,M, -9999.9,M, -9999.9,M, -9999.9,M, -9999.9,M, -9999.9,M,     2.3, ,   -11.0, ,   -20.4, ,   -31.3, , -9999.9,M, -9999.9,M, -9999.9,M, -9999.9,M,    -9.7, 
 1952,   -36.8, ,   -34.2, ,   -30.4, ,   -18.3, ,    -4.7, ,     5.8, ,     9.8, ,     5.9, ,    -1.4, ,    -8.9, ,   -16.9, ,   -25.8, ,   -13.0, ,   -34.1, ,   -17.8, ,     7.2, ,    -9.1, 
 1953,   -37.0, ,   -30.6, ,   -29.1, ,   -13.8, ,    -3.2, ,     6.7, ,     8.3, ,     6.2, ,     0.8, ,    -9.7, ,   -22.0, ,   -30.1, ,   -12.8, ,   -31.1, ,   -15.4, ,     7.1, ,   -10.3, 
 1954,   -36.8, ,   -32.4, ,   -22.1, ,   -22.2, ,    -7.8, ,     4.2, ,    10.6, ,    10.4, ,    -0.3, ,    -9.2, ,   -20.8, ,   -32.7, ,   -13.3, ,   -33.1, ,   -17.4, ,     8.4, ,   -10.1, 
 1955,   -33.6, ,   -36.3, ,   -29.6, ,   -17.5, ,    -3.5, ,     7.8, ,    11.5, ,     6.5, ,     0.6, ,   -10.1, ,   -29.8, ,   -34.2, ,   -14.0, ,   -34.2, ,   -16.9, ,     8.6, ,   -13.1, 
 1956,   -35.5, ,   -37.7, ,   -24.6, ,   -18.8, ,    -3.3, ,     5.5, ,     9.2, ,     4.8, ,     0.2, ,   -12.1, ,   -25.4, ,   -32.5, ,   -14.2, ,   -35.8, ,   -15.6, ,     6.5, ,   -12.4, 
 1957,   -25.6, ,   -33.5, ,   -26.0, ,   -12.4, ,    -3.8, , -9999.9,M,    11.7, ,    12.8, ,     2.0, ,    -8.8, ,   -26.4, , -9999.9,M, -9999.9,M,   -30.5, ,   -14.1, , -9999.9,M,   -11.1, 
 1958, -9999.9,M, -9999.9,M, -9999.9,M, -9999.9,M, -9999.9,M, -9999.9,M, -9999.9,M, -9999.9,M, -9999.9,M, -9999.9,M, -9999.9,M, -9999.9,M, -9999.9,M, -9999.9,M, -9999.9,M, -9999.9,M, -9999.9,M
 1959,   -36.7, ,   -21.3, ,   -32.6, ,   -18.1, ,    -6.5, ,     5.9, ,     9.1, ,     3.3, ,    -1.4, ,   -11.8, ,   -28.6, ,   -30.7, ,   -14.1, , -9999.9,M,   -19.1, ,     6.1, ,   -13.9, 
 1960,   -36.4, ,   -29.6, ,   -30.0, ,   -18.2, ,    -3.1, ,     7.1, ,     7.8, ,     5.8, ,    -0.6, ,   -11.7, ,   -30.6, ,   -27.5, ,   -13.9, ,   -32.2, ,   -17.1, ,     6.9, ,   -14.3, 
 1961,   -31.7, ,   -36.1, ,   -30.8, ,   -22.1, ,    -4.1, ,     7.9, ,    10.8, ,     7.9, ,     0.5, ,   -13.7, ,   -26.2, ,   -36.7, ,   -14.5, ,   -31.8, ,   -19.0, ,     8.9, ,   -13.1, 
 1962,   -28.1, ,   -26.9, ,   -28.3, ,   -18.5, ,    -4.4, ,     6.4, ,     9.6, ,     9.2, ,    -1.5, ,    -5.8, ,   -22.6, ,   -26.0, ,   -11.4, ,   -30.6, ,   -17.1, ,     8.4, ,   -10.0, 
 1963,   -33.8, ,   -31.2, ,   -28.9, ,   -12.3, ,    -1.7, ,     6.6, ,     9.6, ,     7.2, ,    -0.4, ,   -10.6, ,   -28.9, ,   -27.5, ,   -12.7, ,   -30.3, ,   -14.3, ,     7.8, ,   -13.3, 
 1964,   -36.2, ,   -30.6, ,   -35.6, ,   -22.3, ,    -5.1, ,     4.0, ,     7.0, ,     6.7, ,    -0.5, ,    -8.5, ,   -23.1, ,   -34.9, ,   -14.9, ,   -31.4, ,   -21.0, ,     5.9, ,   -10.7, 
 1965,   -37.3, ,   -40.5, ,   -20.9, ,   -13.3, ,    -3.8, ,     4.8, ,    10.0, ,     6.2, ,    -1.9, ,   -15.2, ,   -21.8, ,   -31.9, ,   -13.8, ,   -37.6, ,   -12.7, ,     7.0, ,   -13.0, 
 1966,   -43.1, ,   -33.2, ,   -28.8, ,   -22.5, ,    -4.8, ,     6.7, ,     9.1, ,     5.1, ,     1.1, ,    -9.0, ,   -28.0, ,   -29.0, ,   -14.7, ,   -36.1, ,   -18.7, ,     7.0, ,   -12.0, 
 1967,   -32.9, ,   -34.8, ,   -27.0, ,   -14.6, ,    -4.5, ,     5.4, ,     8.6, ,     4.8, ,    -0.4, ,   -12.9, ,   -22.8, ,   -27.8, ,   -13.2, ,   -32.2, ,   -15.4, ,     6.3, ,   -12.0, 
 1968,   -31.1, ,   -32.5, ,   -24.5, ,   -19.9, ,    -3.5, ,     6.5, ,    10.7, ,     6.5, ,    -1.3, ,   -10.7, ,   -24.8, ,   -34.0, ,   -13.2, ,   -30.5, ,   -16.0, ,     7.9, ,   -12.3, 
 1969,   -38.5, ,   -35.1, ,   -28.5, ,   -13.7, ,    -3.2, ,     6.3, ,     8.0, ,     1.6, ,    -0.6, ,    -6.7, ,   -28.6, ,   -24.8, ,   -13.7, ,   -35.9, ,   -15.1, ,     5.3, ,   -12.0, 
 1970,   -35.9, ,   -31.0, ,   -27.4, ,   -16.3, ,    -4.5, ,     5.8, ,    10.2, ,     8.0, ,    -3.2, ,   -15.9, ,   -22.1, ,   -33.3, ,   -13.8, ,   -30.6, ,   -16.1, ,     8.0, ,   -13.7, 
 1971,   -40.3, ,   -36.4, ,   -30.0, ,   -21.8, ,    -4.1, ,     8.3, ,    11.3, ,     4.6, ,     0.7, ,   -11.5, ,   -25.8, ,   -32.2, ,   -14.8, ,   -36.7, ,   -18.6, ,     8.1, ,   -12.2, 
 1972,   -33.6, ,   -34.4, ,   -30.1, ,   -21.1, ,    -5.8, ,     5.0, ,     9.0, ,     8.6, ,    -2.5, ,    -8.6, ,   -23.3, , -9999.9,M, -9999.9,M,   -33.4, ,   -19.0, ,     7.5, ,   -11.5, 
 1973,   -30.9, ,   -31.8, ,   -30.3, ,   -16.4, , -9999.9,M,     7.2, ,     9.2,E, -9999.9,M,     1.2, ,   -10.9, ,   -26.5, ,   -29.7, , -9999.9,M, -9999.9,M, -9999.9,M, -9999.9,M,   -12.1, 
 1974,   -30.1, ,   -37.2, ,   -31.8, ,   -22.8, ,    -6.2, ,     3.2, ,     8.3, ,     6.3, ,    -0.5, ,   -17.3, ,   -25.4, ,   -34.4, ,   -15.7, ,   -32.3, ,   -20.3, ,     5.9, ,   -14.4, 
 1975,   -39.9, ,   -31.7, ,   -25.8, ,   -18.0, ,    -3.7, , -9999.9,M, -9999.9,M, -9999.9,M, -9999.9,M, -9999.9,M,   -32.4, , -9999.9,M, -9999.9,M,   -35.3, ,   -15.8, , -9999.9,M, -9999.9,M
 1976,   -36.5, ,   -38.7, ,   -31.3, ,   -15.0, ,    -4.0, ,     4.1, , -9999.9,M, -9999.9,M,     1.1, ,   -10.4, ,   -18.2, ,   -34.2, , -9999.9,M, -9999.9,M,   -16.8, , -9999.9,M,    -9.2, 
 1977,   -28.5, ,   -26.2, ,   -30.4, ,   -16.9, ,    -2.9, , -9999.9,M, -9999.9,M, -9999.9,M, -9999.9,M, -9999.9,M, -9999.9,M, -9999.9,M, -9999.9,M,   -29.6, ,   -16.7, , -9999.9,M, -9999.9,M
 1978, -9999.9,M, -9999.9,M, -9999.9,M, -9999.9,M, -9999.9,M, -9999.9,M, -9999.9,M, -9999.9,M, -9999.9,M, -9999.9,M, -9999.9,M, -9999.9,M, -9999.9,M, -9999.9,M, -9999.9,M, -9999.9,M, -9999.9,M
 1979, -9999.9,M, -9999.9,M, -9999.9,M, -9999.9,M, -9999.9,M, -9999.9,M, -9999.9,M, -9999.9,M, -9999.9,M, -9999.9,M, -9999.9,M, -9999.9,M, -9999.9,M, -9999.9,M, -9999.9,M, -9999.9,M, -9999.9,M
 1980, -9999.9,M, -9999.9,M, -9999.9,M, -9999.9,M, -9999.9,M, -9999.9,M, -9999.9,M, -9999.9,M, -9999.9,M, -9999.9,M, -9999.9,M, -9999.9,M, -9999.9,M, -9999.9,M, -9999.9,M, -9999.9,M, -9999.9,M
 1981, -9999.9,M, -9999.9,M, -9999.9,M, -9999.9,M, -9999.9,M, -9999.9,M, -9999.9,M, -9999.9,M, -9999.9,M, -9999.9,M, -9999.9,M, -9999.9,M, -9999.9,M, -9999.9,M, -9999.9,M, -9999.9,M, -9999.9,M
 1982, -9999.9,M, -9999.9,M, -9999.9,M, -9999.9,M, -9999.9,M, -9999.9,M, -9999.9,M, -9999.9,M, -9999.9,M, -9999.9,M, -9999.9,M, -9999.9,M, -9999.9,M, -9999.9,M, -9999.9,M, -9999.9,M, -9999.9,M
 1983, -9999.9,M, -9999.9,M, -9999.9,M, -9999.9,M, -9999.9,M,     5.3, , -9999.9,M, -9999.9,M, -9999.9,M, -9999.9,M, -9999.9,M, -9999.9,M, -9999.9,M, -9999.9,M, -9999.9,M, -9999.9,M, -9999.9,M
 1984, -9999.9,M, -9999.9,M, -9999.9,M, -9999.9,M, -9999.9,M, -9999.9,M, -9999.9,M, -9999.9,M, -9999.9,M, -9999.9,M,   -31.4, , -9999.9,M, -9999.9,M, -9999.9,M, -9999.9,M, -9999.9,M, -9999.9,M
 1985, -9999.9,M,   -33.4, , -9999.9,M,   -21.6, ,    -0.7, ,     7.1, ,     7.3, , -9999.9,M,     0.6, ,   -12.0, , -9999.9,M,   -24.6, , -9999.9,M, -9999.9,M, -9999.9,M, -9999.9,M, -9999.9,M
 1986,   -33.1, ,   -26.9, ,   -29.8, ,   -22.8, ,    -5.4, ,     6.3, ,     9.9, ,     6.3, ,     1.7, ,   -11.0, ,   -29.7, ,   -26.3, ,   -13.4, ,   -28.2, ,   -19.3, ,     7.5, ,   -13.0, 
 1987,   -26.1, ,   -30.1, ,   -27.1, ,   -19.1, ,    -5.6, ,     7.7, ,    10.2, ,     6.6, ,     1.6, ,    -5.6, ,   -22.7, ,   -26.1, ,   -11.4, ,   -27.5, ,   -17.3, ,     8.2, ,    -8.9, 
 1988,   -30.5, ,   -28.7, ,   -22.7, ,   -12.2, ,    -2.5, ,     8.0, ,    11.1, ,     7.2, ,     0.9,E,   -12.3, ,   -28.5, ,   -25.7, ,   -11.3,E,   -28.4, ,   -12.5, ,     8.8, ,   -13.3,E
 1989,   -35.1, ,   -15.9, ,   -27.2,E,   -13.4,E,    -3.3, ,     7.8, ,    12.8,E, -9999.9,M,     2.5, ,   -11.7,E,   -30.0,E,   -29.5, , -9999.9,M,   -25.6, ,   -14.6,E, -9999.9,M,   -13.1,E
 1990,   -35.3, ,   -39.4,E, -9999.9,M,   -10.4,E,    -1.6, ,     6.1,E,    11.0,E,     6.9, ,    -0.5,E,   -10.5,E, -9999.9,M,   -33.0, , -9999.9,M,   -34.7,E, -9999.9,M,     8.0,E, -9999.9,M
 1991,   -30.2,E,   -29.9, ,   -26.2,E,   -11.5,E,     2.4,E,     6.4,E,     8.3,E, -9999.9,M,     1.9,E,   -10.7, ,   -27.4, ,   -33.8, , -9999.9,M,   -31.0,E,   -11.8,E, -9999.9,M,   -12.1,E
 1992,   -30.3, ,   -30.6, ,   -20.4, ,   -17.7,E,    -4.9,E,     7.5, ,     9.4, ,     6.6, ,    -4.2, ,   -12.5, ,   -22.4, ,   -28.3, ,   -12.3,E,   -31.6, ,   -14.3,E,     7.8, ,   -13.0, 
 1993,   -26.6, ,   -25.4, ,   -21.1, ,   -14.0,E,    -2.0,E,     8.8, ,    11.3, ,     7.5,E,     0.9, ,    -6.3, ,   -19.5, ,   -26.0, ,    -9.4,E,   -26.8, ,   -12.4,E,     9.2,E,    -8.3, 
 1994,   -36.0, ,   -30.7, ,   -25.0, ,   -15.5,E,    -0.8, ,     6.1, ,    13.3, ,    10.7,E,    -2.3, ,    -7.4, ,   -25.5, ,   -30.8, ,   -12.0,E,   -30.9, ,   -13.8,E,    10.0,E,   -11.7, 
 1995,   -28.1, ,   -29.9, ,   -27.3, ,   -12.6, ,     1.1,E,     8.6, ,    10.9,E,     6.7, ,     3.0,E,    -9.7,E,   -22.5,E,   -32.9,E,   -11.1,E,   -29.6, ,   -12.9,E,     8.7,E,    -9.7,E
 1996,   -31.3,E,   -27.6, ,   -23.0, ,   -18.8,E,    -2.7,E,     8.4,E,    10.2,E,     5.6,E,    -1.8,E,   -16.6,E,   -25.0, , -9999.9,M, -9999.9,M,   -30.6,E,   -14.8,E,     8.1,E,   -14.5,E
 1997,   -34.5,E,   -27.1,E,   -29.0,E,   -14.7, ,    -3.2,E,     7.1,E,    10.8,E,    10.0, , -9999.9,M,   -11.5,E,   -18.6,E,   -28.6,E, -9999.9,M, -9999.9,M,   -15.6,E,     9.3,E, -9999.9,M
 1998,   -34.4,E,   -26.3,E,   -20.6, ,    -8.1, ,     2.2,E,     9.8,E,    12.8,E,     9.6,E,     3.6,E,    -8.7,E,   -22.0, , -9999.9,M, -9999.9,M,   -29.8,E,    -8.8,E,    10.7,E,    -9.0,E
 1999,   -32.3, ,   -29.2, ,   -25.4, ,   -16.7, ,    -3.1,E,     7.9, ,     8.1,E,     9.1,E,     0.5, ,   -13.3, ,   -25.1, ,   -31.0,E,   -12.5,E, -9999.9,M,   -15.1,E,     8.4,E,   -12.6, 
 2000,   -28.1,E,   -26.0, ,   -26.1,E,   -19.2, ,    -7.0,E,     8.9, ,     9.2,E,     5.7, , -9999.9,M,   -11.0, ,   -22.1,E,   -30.9, , -9999.9,M,   -28.4,E,   -17.4,E,     7.9,E, -9999.9,M
 2001,   -24.2,E,   -25.4,E,   -27.2,E, -9999.9,M,    -6.2,E,     6.3,E,     9.3,E,     7.1,E,     3.0, ,    -8.6, ,   -23.4, ,   -26.6, , -9999.9,M,   -26.8,E, -9999.9,M,     7.6,E,    -9.7, 
 2002,   -28.1, ,   -31.6, ,   -23.0,E,   -16.1, ,    -2.4, ,     6.0,E,     8.9,E,     4.7,E,     2.5, ,    -8.5, ,   -16.4, ,   -18.6, ,   -10.2,E,   -28.8, ,   -13.8,E,     6.5,E,    -7.5, 
 2003,   -33.6,E,   -27.1, ,   -26.9, ,   -14.5, ,    -3.9, ,     5.2, ,     9.6, ,     5.1,E,     0.3, ,    -4.5, ,   -20.8, ,   -28.7, ,   -11.7,E,   -26.4,E,   -15.1, ,     6.6,E,    -8.3, 
 2004,   -34.1, ,   -32.6, ,   -30.9, ,   -16.6, ,    -3.3, ,    10.4, ,    11.4, ,     7.2, ,    -1.1, ,   -10.7, ,   -27.0, , -9999.9,M, -9999.9,M,   -31.8, ,   -16.9, ,     9.7, ,   -12.9, 
 2005,   -28.9, ,   -29.1, ,   -22.0, ,   -15.5, ,    -1.6, ,     6.3, ,     6.9, , -9999.9,M,     1.5, ,    -9.5, ,   -24.1, ,   -23.8, , -9999.9,M, -9999.9,M,   -13.0, , -9999.9,M,   -10.7, 
 2006,   -32.5, , -9999.9,M, -9999.9,M,   -18.4, ,    -1.8, ,     8.9, ,    10.4, , -9999.9,M,     3.4,E,    -5.8, ,   -25.5, ,   -22.7, , -9999.9,M, -9999.9,M, -9999.9,M, -9999.9,M,    -9.3,E
 2007, -9999.9,M,   -34.1, ,   -31.8,E, -9999.9,M,    -5.5, ,     7.8, ,    11.1,E,     6.3,E,     1.2, , -9999.9,M,   -22.6, , -9999.9,M, -9999.9,M, -9999.9,M, -9999.9,M,     8.4,E, -9999.9,M
 2008,   -29.6, , -9999.9,M, -9999.9,M,   -11.7, ,    -1.0, ,     9.3, , -9999.9,M, -9999.9,M, -9999.9,M, -9999.9,M,   -18.5, ,   -29.0, , -9999.9,M, -9999.9,M, -9999.9,M, -9999.9,M, -9999.9,M
 2009, -9999.9,M, -9999.9,M, -9999.9,M, -9999.9,M, -9999.9,M, -9999.9,M, -9999.9,M, -9999.9,M, -9999.9,M, -9999.9,M, -9999.9,M, -9999.9,M, -9999.9,M, -9999.9,M, -9999.9,M, -9999.9,M, -9999.9,M
 2010, -9999.9,M, -9999.9,M,   -25.2, ,    -8.3, ,    -1.3, ,     6.7, ,    11.7, , -9999.9,M,     1.1, ,    -9.3, ,   -17.5, ,   -32.3, , -9999.9,M, -9999.9,M,   -11.6, , -9999.9,M,    -8.6, 
 2011, -9999.9,M, -9999.9,M, -9999.9,M, -9999.9,M, -9999.9,M, -9999.9,M, -9999.9,M, -9999.9,M, -9999.9,M, -9999.9,M, -9999.9,M, -9999.9,M, -9999.9,M, -9999.9,M, -9999.9,M, -9999.9,M, -9999.9,M
 2012, -9999.9,M, -9999.9,M, -9999.9,M, -9999.9,M, -9999.9,M, -9999.9,M, -9999.9,M, -9999.9,M, -9999.9,M, -9999.9,M, -9999.9,M, -9999.9,M, -9999.9,M, -9999.9,M, -9999.9,M, -9999.9,M, -9999.9,M
 2013, -9999.9,M,   -29.9, , -9999.9,M, -9999.9,M, -9999.9,M, -9999.9,M, -9999.9,M, -9999.9,M, -9999.9,M, -9999.9,M, -9999.9,M, -9999.9,M, -9999.9,M, -9999.9,M, -9999.9,M, -9999.9,M, -9999.9,M
 2014,   -28.2, ,   -27.3, , -9999.9,M,   -14.6, ,     0.5, ,     8.2, ,    10.6, ,     7.0, ,     1.0, ,    -9.2, ,   -24.2, , -9999.9,M, -9999.9,M, -9999.9,M, -9999.9,M,     8.6, ,   -10.8, 
