8100300,AROOSTOOK      ,NB, station joined    , Monthly mean of homogenized daily minimum temperature                  , Deg Celcius,          Updated to December 2017
8100300,AROOSTOOK      ,NB, station jointe    , Moyenne mensuelle des temperatures quotidiennes minimales homogeneisees, Deg Celsius, Mise a jour jusqu a decembre 2017
 Year,     Jan, ,     Feb, ,     Mar, ,     Apr, ,     May, ,     Jun, ,     Jul, ,     Aug, ,     Sep, ,     Oct, ,     Nov, ,     Dec, ,  Annual, ,  Winter, ,  Spring, ,  Summer, ,  Autumn
Annee,    Janv, ,     Fev, ,    Mars, ,     Avr, ,     Mai, ,    Juin, ,    Juil, ,    Aout, ,    Sept, ,     Oct, ,     Nov, ,     Dec, ,  Annuel, ,   Hiver, ,Printemp, ,     Ete, , Automne
 1914, -9999.9,M, -9999.9,M,    -6.5, ,    -5.9, ,     7.2, ,     9.7, ,    15.1, ,    14.0, , -9999.9,M, -9999.9,M, -9999.9,M, -9999.9,M, -9999.9,M, -9999.9,M,    -1.7, ,    12.9, , -9999.9,M
 1915, -9999.9,M,   -16.1, ,   -12.8, ,    -2.4, ,     1.7, ,     7.9, ,    11.2, ,     9.2, ,     5.9, ,    -0.1, ,    -5.1, ,    -7.7, , -9999.9,M, -9999.9,M,    -4.5, ,     9.4, ,     0.2, 
 1916,   -14.5, ,   -17.0, ,   -13.6, ,     0.2, ,     6.6, ,    13.4, ,    16.4, ,    16.6, ,    10.0, , -9999.9,M, -9999.9,M,   -11.5, , -9999.9,M,   -13.1, ,    -2.3, ,    15.5, , -9999.9,M
 1917, -9999.9,M, -9999.9,M, -9999.9,M, -9999.9,M, -9999.9,M, -9999.9,M, -9999.9,M, -9999.9,M,     5.7, ,     0.7, , -9999.9,M,    -8.5, , -9999.9,M, -9999.9,M, -9999.9,M, -9999.9,M, -9999.9,M
 1918, -9999.9,M, -9999.9,M, -9999.9,M,    -3.1, ,     3.8, ,     6.3, , -9999.9,M,    12.9, , -9999.9,M,    -2.2, , -9999.9,M,   -19.8, , -9999.9,M, -9999.9,M, -9999.9,M, -9999.9,M, -9999.9,M
 1919, -9999.9,M, -9999.9,M, -9999.9,M, -9999.9,M, -9999.9,M, -9999.9,M, -9999.9,M, -9999.9,M, -9999.9,M, -9999.9,M, -9999.9,M, -9999.9,M, -9999.9,M, -9999.9,M, -9999.9,M, -9999.9,M, -9999.9,M
 1920,   -25.6, ,   -17.0, ,   -10.6, ,    -3.0, ,     3.4, ,     7.8, ,    11.3, ,    12.1, ,     6.6, ,     2.4, , -9999.9,M,   -11.8, , -9999.9,M, -9999.9,M,    -3.4, ,    10.4, , -9999.9,M
 1921,   -18.6, ,   -22.5, ,   -10.5, ,    -2.3, ,     2.8, ,     8.5, ,    17.1, ,     9.7, ,     5.1, ,     1.5, , -9999.9,M,   -15.8, , -9999.9,M,   -17.6, ,    -3.3, ,    11.8, , -9999.9,M
 1922,   -21.6, ,   -21.6, ,   -10.6, ,    -0.5, ,     3.2, ,    11.0, ,    11.1, ,    10.1, ,     4.2, ,     0.2, , -9999.9,M, -9999.9,M, -9999.9,M,   -19.7, ,    -2.6, ,    10.7, , -9999.9,M
 1923,   -20.3, ,   -25.6, ,   -19.1, ,    -6.1, ,     1.3, ,     5.6, ,     9.6, , -9999.9,M,     7.0, , -9999.9,M, -9999.9,M,    -7.4, , -9999.9,M, -9999.9,M,    -8.0, , -9999.9,M, -9999.9,M
 1924,   -19.1, ,   -21.7, ,    -7.9, ,    -4.0, ,     2.4, , -9999.9,M,    10.0, ,     9.5, ,     6.1, , -9999.9,M, -9999.9,M,   -16.4, , -9999.9,M,   -16.1, ,    -3.2, , -9999.9,M, -9999.9,M
 1925,   -24.2, ,   -13.3, , -9999.9,M,    -3.9, ,     2.2, ,     9.4, ,    11.0, , -9999.9,M,     5.4, ,    -0.8, ,    -3.6, ,   -14.0, , -9999.9,M,   -18.0, , -9999.9,M, -9999.9,M,     0.3, 
 1926,   -18.6, ,   -18.7, ,   -15.7, ,    -7.1, ,     2.5, , -9999.9,M,     9.7, , -9999.9,M,     5.9, , -9999.9,M, -9999.9,M,   -14.1, , -9999.9,M,   -17.1, ,    -6.8, , -9999.9,M, -9999.9,M
 1927,   -15.4, ,   -18.5, ,   -10.3, ,    -4.0, ,     2.7, , -9999.9,M,    13.7, , -9999.9,M,     6.2, ,     4.5, ,    -3.4, ,    -9.7, , -9999.9,M,   -16.0, ,    -3.9, , -9999.9,M,     2.4, 
 1928,   -17.9, ,   -19.7, ,   -11.1, ,    -4.0, ,     4.9, ,     7.8, ,    13.6, ,    11.3, , -9999.9,M,     1.6, , -9999.9,M,   -10.6, , -9999.9,M,   -15.8, ,    -3.4, ,    10.9, , -9999.9,M
 1929,   -18.2, ,   -19.1, ,   -11.4, ,    -4.2, ,     2.9, ,     9.3, ,    11.5, ,    10.1, ,     6.9, ,     0.7, ,    -5.6, ,   -17.6, ,    -2.9, ,   -16.0, ,    -4.2, ,    10.3, ,     0.7, 
 1930,   -21.8, ,   -22.7, ,   -10.8, ,    -3.7, ,     3.8, ,    13.9, ,    12.0, ,    10.9, ,     7.0, ,     1.7, ,    -4.0, ,   -13.5, ,    -2.3, ,   -20.7, ,    -3.6, ,    12.3, ,     1.6, 
 1931,   -22.5, ,   -19.0, ,    -4.2, ,    -0.7, ,     4.7, ,     9.4, ,    14.8, ,    11.8, ,     7.3, ,     2.3, ,    -1.6, ,   -12.0, ,    -0.8, ,   -18.3, ,    -0.1, ,    12.0, ,     2.7, 
 1932,   -14.3, ,   -19.8, ,   -11.9, ,    -1.5, ,     3.4, ,     7.9, ,    12.1, ,    13.5, ,     8.5, ,     3.7, ,    -6.2, ,   -11.4, ,    -1.3, ,   -15.4, ,    -3.3, ,    11.2, ,     2.0, 
 1933,   -14.0, ,   -15.9, ,   -13.4, ,    -1.4, ,     2.7, ,     9.2, ,    11.7, ,    11.6, ,     7.5, ,     1.9, ,   -11.8, ,   -22.9, ,    -2.9, ,   -13.8, ,    -4.0, ,    10.8, ,    -0.8, 
 1934,   -24.8, ,   -27.1, ,   -14.4, ,    -1.4, ,     3.9, ,     9.0, ,    11.7, ,     9.4, ,    10.2, ,     1.3, ,    -3.9, ,   -16.4, ,    -3.5, ,   -24.9, ,    -4.0, ,    10.0, ,     2.5, 
 1935,   -23.1, ,   -24.2, ,   -15.5, ,    -2.8, ,     3.1, ,    11.2, ,    13.1, ,    11.9, ,     5.3, ,     0.7, ,    -3.9, ,   -12.7, ,    -3.1, ,   -21.2, ,    -5.1, ,    12.1, ,     0.7, 
 1936,   -18.7, ,   -22.5, ,    -6.9, ,    -1.5, ,     3.7, ,    10.6, ,    11.2, ,     9.6, ,     6.6, ,     1.0, ,    -7.7, ,   -15.3, ,    -2.5, ,   -18.0, ,    -1.6, ,    10.5, ,     0.0, 
 1937,   -15.9, ,   -14.9, ,   -13.9, ,    -2.7, ,     5.1, ,    10.7, ,    14.0, ,    13.9, ,     7.3, ,     1.1, ,    -4.4, ,   -15.3, ,    -1.3, ,   -15.4, ,    -3.8, ,    12.9, ,     1.3, 
 1938,   -21.5, ,   -20.6, ,   -15.7, ,    -2.2, ,     2.7, ,    10.2, ,    13.5, ,    12.8, ,     5.8, ,     0.6, ,    -7.2, ,   -11.9, ,    -2.8, ,   -19.1, ,    -5.1, ,    12.2, ,    -0.3, 
 1939,   -20.6, ,   -22.9, ,   -20.2, ,    -4.4, ,     1.1, ,     7.2, ,    13.1, ,    12.9, ,     5.9, ,     0.3, ,    -7.2, ,   -12.1, ,    -3.9, ,   -18.5, ,    -7.8, ,    11.1, ,    -0.3, 
 1940,   -19.5, ,   -20.0, ,   -11.6, ,    -3.7, ,     5.5, ,     8.7, , -9999.9,M, -9999.9,M, -9999.9,M,    -2.1, , -9999.9,M,   -15.9, , -9999.9,M,   -17.2, ,    -3.3, , -9999.9,M, -9999.9,M
 1941,   -20.8, ,   -14.9, ,   -12.7, , -9999.9,M,     2.2, , -9999.9,M, -9999.9,M, -9999.9,M, -9999.9,M,    -0.7, ,    -5.4, ,   -12.6, , -9999.9,M,   -17.2, , -9999.9,M, -9999.9,M, -9999.9,M
 1942,   -19.4, ,   -17.3, ,    -6.4, ,    -3.1, ,     5.5, ,    10.0, ,    10.5, ,    10.1, ,     6.2, ,     0.2, ,    -6.6, , -9999.9,M, -9999.9,M,   -16.4, ,    -1.3, ,    10.2, ,    -0.1, 
 1943, -9999.9,M,   -15.9, ,   -13.8, ,    -6.2, ,     1.7, ,     7.9, , -9999.9,M, -9999.9,M, -9999.9,M, -9999.9,M,    -4.3, ,   -14.8, , -9999.9,M, -9999.9,M,    -6.1, , -9999.9,M, -9999.9,M
 1944, -9999.9,M, -9999.9,M, -9999.9,M, -9999.9,M, -9999.9,M, -9999.9,M, -9999.9,M, -9999.9,M, -9999.9,M, -9999.9,M, -9999.9,M, -9999.9,M, -9999.9,M, -9999.9,M, -9999.9,M, -9999.9,M, -9999.9,M
 1945, -9999.9,M, -9999.9,M, -9999.9,M, -9999.9,M, -9999.9,M, -9999.9,M, -9999.9,M, -9999.9,M, -9999.9,M, -9999.9,M, -9999.9,M, -9999.9,M, -9999.9,M, -9999.9,M, -9999.9,M, -9999.9,M, -9999.9,M
 1946, -9999.9,M, -9999.9,M, -9999.9,M, -9999.9,M, -9999.9,M, -9999.9,M, -9999.9,M, -9999.9,M, -9999.9,M, -9999.9,M, -9999.9,M, -9999.9,M, -9999.9,M, -9999.9,M, -9999.9,M, -9999.9,M, -9999.9,M
 1947,   -19.0, ,   -13.3, ,    -8.7, ,    -6.7, ,     2.7, ,     7.0, ,    15.1, ,    10.7, ,     5.1, ,     1.8, ,    -4.8, ,   -15.9, ,    -2.2, , -9999.9,M,    -4.2, ,    10.9, ,     0.7, 
 1948,   -19.1, ,   -25.2, ,   -14.7, ,    -3.4, ,     3.3, ,     7.2, ,    11.0, ,    12.4, ,     5.8, ,    -0.2, ,    -1.3, ,   -11.0, ,    -2.9, ,   -20.1, ,    -4.9, ,    10.2, ,     1.4, 
 1949,   -15.7, ,   -19.0, ,   -11.1, ,    -1.4, ,     2.8, ,    10.2, ,    12.7, ,    10.9, ,     6.8, ,     1.3, ,    -7.6, ,   -11.4, ,    -1.8, ,   -15.2, ,    -3.2, ,    11.3, ,     0.2, 
 1950,   -15.2, ,   -20.1, ,   -13.9, ,    -2.8, ,     2.6, ,     8.8, ,    11.5, ,     9.7, ,     4.1, ,     1.3, ,    -1.9, ,   -10.0, ,    -2.2, ,   -15.6, ,    -4.7, ,    10.0, ,     1.2, 
 1951,   -14.4, ,   -15.2, ,    -9.1, ,     0.5, ,     3.5, ,     7.5, ,    11.6, ,    10.9, ,     7.2, ,     1.2, ,    -5.9, ,   -13.6, ,    -1.3, ,   -13.2, ,    -1.7, ,    10.0, ,     0.8, 
 1952,   -17.8, ,   -13.2, ,    -7.5, ,    -2.1, ,     3.7, ,     9.5, ,    13.2, ,    10.2, ,     6.8, ,    -0.2, ,    -4.6, ,   -11.2, ,    -1.1, ,   -14.9, ,    -2.0, ,    11.0, ,     0.7, 
 1953,   -14.0, ,   -13.1, ,    -8.0, ,     0.0, ,     3.0, ,     8.2, ,    11.0, ,    10.0, ,     7.3, ,     0.3, ,    -1.6, ,    -9.2, ,    -0.5, ,   -12.8, ,    -1.7, ,     9.7, ,     2.0, 
 1954,   -19.2, ,   -10.9, ,    -9.6, ,    -3.7, ,     4.2, ,     8.5, ,    12.1, ,     9.0, ,     6.3, ,     2.7, ,    -2.6, ,   -10.7, ,    -1.2, ,   -13.1, ,    -3.0, ,     9.9, ,     2.1, 
 1955,   -15.5, ,   -15.2, ,   -11.8, ,    -2.9, ,     4.1, ,     9.1, ,    12.0, ,    12.1, ,     5.4, ,     0.9, ,    -3.3, ,   -16.8, ,    -1.8, ,   -13.8, ,    -3.5, ,    11.1, ,     1.0, 
 1956,    -9.1, ,   -18.0, ,   -15.3, ,    -2.4, ,    -0.2, ,     8.6, ,     9.8, ,     8.2, ,     4.5, ,     0.4, ,    -5.2, ,   -14.4, ,    -2.8, ,   -14.6, ,    -6.0, ,     8.9, ,    -0.1, 
 1957,   -24.7, ,   -16.3, ,    -9.1, ,    -3.7, ,     1.6, ,     9.1, ,    11.2, ,     9.0, ,     7.0, ,     2.1, ,    -1.5, ,   -10.5, ,    -2.2, ,   -18.5, ,    -3.7, ,     9.8, ,     2.5, 
 1958,   -11.4, ,   -17.3, ,    -3.9, ,    -0.2, ,     1.9, ,     6.6, ,    10.8, ,    10.7, ,     5.7, ,     0.1, ,    -4.6, ,   -22.0, ,    -2.0, ,   -13.1, ,    -0.7, ,     9.4, ,     0.4, 
 1959,   -17.6, ,   -21.9, ,   -14.9, ,    -2.8, ,     4.0, ,     8.3, ,    13.1, ,    12.2, ,     7.5, ,     2.1, ,    -4.3, ,   -12.4, ,    -2.2, ,   -20.5, ,    -4.6, ,    11.2, ,     1.8, 
 1960,   -18.1, ,    -9.4, ,   -10.5, ,    -3.2, ,     6.2, ,     9.4, ,    11.7, ,    10.2, ,     7.0, ,     0.3, ,    -3.0, ,   -13.6, ,    -1.1, ,   -13.3, ,    -2.5, ,    10.4, ,     1.4, 
 1961,   -22.6, ,   -18.9, ,   -13.4, ,    -2.8, ,     2.7, ,     9.2, ,    12.0, ,    11.4, ,    10.3, ,     3.0, ,    -1.3, ,    -8.0, ,    -1.5, ,   -18.4, ,    -4.5, ,    10.9, ,     4.0, 
 1962,   -17.4, ,   -21.0, ,    -6.5, ,    -2.3, ,     3.7, ,     9.0, ,    10.6, ,    11.8, ,     6.4, ,     1.6, ,    -5.1, ,   -14.2, ,    -2.0, ,   -15.5, ,    -1.7, ,    10.5, ,     1.0, 
 1963,   -15.8, ,   -22.1, ,   -14.7, ,    -2.8, ,     2.5, ,     9.0, ,    14.0, ,    10.5, ,     4.3, ,     2.3, ,    -1.1, ,   -16.8, ,    -2.6, ,   -17.4, ,    -5.0, ,    11.2, ,     1.8, 
 1964,   -16.1, ,   -14.8, ,    -8.8, ,    -3.7, ,     3.9, ,     8.3, ,    13.1, ,     9.4, ,     4.6, ,     0.7, ,    -5.7, ,   -13.2, ,    -1.9, ,   -15.9, ,    -2.9, ,    10.3, ,    -0.1, 
 1965,   -18.6, ,   -18.5, , -9999.9,M,    -3.5, , -9999.9,M, -9999.9,M,     9.6, ,    10.7, , -9999.9,M,     1.2, , -9999.9,M,   -13.1, , -9999.9,M,   -16.8, , -9999.9,M, -9999.9,M, -9999.9,M
 1966,   -12.8, ,   -16.7, ,    -6.6, ,    -2.2, ,     2.5, ,     9.2, ,    11.5, ,    10.8, ,     5.1, ,     1.7, , -9999.9,M,    -9.0, , -9999.9,M,   -14.2, ,    -2.1, ,    10.5, , -9999.9,M
 1967,   -14.9, ,   -21.4, ,   -15.9, ,    -4.2, ,     0.7, ,     9.8, ,    14.8, ,    12.8, ,     7.7, ,     3.1, , -9999.9,M,   -13.1, , -9999.9,M,   -15.1, ,    -6.5, ,    12.5, , -9999.9,M
 1968,   -22.0, ,   -19.5, ,    -8.7, ,    -0.7, ,     2.3, ,     9.4, ,    11.9, ,     8.7, ,     8.0, ,     4.4, ,    -5.7,E,   -11.2, ,    -1.9,E,   -18.2, ,    -2.4, ,    10.0, ,     2.2,E
 1969,   -14.2, ,   -12.6, ,    -8.6, ,    -3.7, ,     3.2, ,    10.4, ,    11.4, ,    12.6, ,     6.6,E,     0.9, ,    -1.4, ,    -9.8, ,    -0.4,E,   -12.7, ,    -3.0, ,    11.5, ,     2.0,E
 1970,   -22.6, ,   -16.8, ,   -10.4, ,    -3.0, ,     4.5, ,     9.8, ,    13.9, ,    12.8, ,     7.5, ,     3.2, , -9999.9,M,   -17.4, , -9999.9,M,   -16.4, ,    -3.0, ,    12.2, , -9999.9,M
 1971,   -21.8, ,   -15.6, ,    -8.5, ,    -1.7, ,     4.8, ,     8.4, ,    12.3, ,    11.0, ,     8.5, ,     3.2, ,    -5.9, ,   -17.0, ,    -1.9, ,   -18.3, ,    -1.8, ,    10.6, ,     1.9, 
 1972,   -18.9, ,   -19.6, ,   -12.9, ,    -4.2, ,     3.6, ,    11.2, ,    12.3, ,    10.4, ,     7.7, ,     0.4, ,    -5.0, ,   -18.4, ,    -2.8, ,   -18.5, ,    -4.5, ,    11.3, ,     1.0, 
 1973,   -17.1, ,   -16.4, ,    -6.1, ,    -1.8, ,     5.0, ,    11.8, ,    14.5, ,    14.2, ,     6.5, ,     1.8, ,    -4.4, ,    -8.0, ,     0.0, ,   -17.3, ,    -1.0, ,    13.5, ,     1.3, 
 1974,   -18.5, ,   -17.8, ,   -11.0, ,    -2.4, ,     1.4, ,     9.0, ,    12.2, ,    10.9, ,     6.6, ,    -0.8, ,    -4.5, ,   -12.5, ,    -2.3, ,   -14.8, ,    -4.0, ,    10.7, ,     0.4, 
 1975,   -17.3, ,   -18.7, ,   -11.1, ,    -3.2, ,     4.7, ,    10.4, ,    15.0, ,    11.2, ,     7.6, ,     1.6, ,    -3.1, ,   -16.3, ,    -1.6, ,   -16.2, ,    -3.2, ,    12.2, ,     2.0, 
 1976,   -20.9, ,   -16.5, ,   -10.9, ,    -1.8, ,     5.0, ,    10.4, ,    12.4, ,    12.1, ,     7.3, ,     1.1, ,    -5.7, ,   -18.9, ,    -2.2, ,   -17.9, ,    -2.6, ,    11.6, ,     0.9, 
 1977,   -21.6, ,   -16.1, ,    -5.1, ,    -4.0, ,     3.9, ,    10.4, ,    11.2, ,    11.7, ,     6.2, ,     1.7, ,    -3.4, ,   -12.2, ,    -1.4, ,   -18.9, ,    -1.7, ,    11.1, ,     1.5, 
 1978,   -18.2, ,   -18.5, ,   -11.9, ,    -3.5, ,     5.3, ,    10.7, ,    12.3, ,    10.8, ,     3.8, ,     1.5, ,    -7.3, ,   -13.9, ,    -2.4, ,   -16.3, ,    -3.4, ,    11.3, ,    -0.7, 
 1979,   -15.3, ,   -16.5, ,    -4.6, ,    -0.1, ,     6.8, ,    10.3, ,    13.3, ,    11.3, ,     6.5, ,     3.5, ,    -1.5, ,   -11.1, ,     0.2, ,   -15.2, ,     0.7, ,    11.6, ,     2.8, 
 1980,   -14.9, ,   -17.6, ,   -10.7, ,    -0.8, ,     2.9, ,     8.4, ,    13.0, ,    12.2, ,     6.1, ,     1.7, ,    -3.5, ,   -17.9, ,    -1.8, ,   -14.5, ,    -2.9, ,    11.2, ,     1.4, 
 1981,   -22.7, ,    -9.2,E,    -6.6, ,    -1.2, ,     6.0, ,     9.9, ,    12.6, ,    11.4, ,     6.7, ,     0.8, ,    -2.3, ,    -7.9, ,    -0.2,E,   -16.6,E,    -0.6, ,    11.3, ,     1.7, 
 1982,   -22.1, ,   -18.8, ,   -10.0,E,    -3.5, ,     3.7, ,     8.6, ,    11.9,E,     8.7, ,     7.6, ,     1.0, ,    -2.7, ,    -9.4,E,    -2.1,E,   -16.3, ,    -3.3,E,     9.7,E,     2.0, 
 1983,   -12.8, ,   -14.3, ,    -6.3, ,     0.3, ,     4.5, ,     9.3, ,    11.6, ,    12.7, ,     8.1, ,     1.6, ,    -2.2, ,   -12.8, ,     0.0, ,   -12.2,E,    -0.5, ,    11.2, ,     2.5, 
 1984,   -19.4, ,   -10.0, ,   -11.3, ,    -1.5, ,     4.1, ,     9.9, ,    13.2, ,    14.0, ,     5.6, ,     0.9, ,    -2.8, ,   -11.5,E,    -0.7,E,   -14.1, ,    -2.9, ,    12.4, ,     1.2, 
 1985,   -20.7, ,   -14.6, ,   -10.0,E,    -4.4, ,     2.7, ,     9.3, ,    13.2, ,    10.6, ,     7.3, ,     1.3, ,    -5.8, ,   -16.8,E,    -2.3,E,   -15.6,E,    -3.9,E,    11.0, ,     0.9, 
 1986,   -17.7,E,   -18.3, ,   -11.2, ,     0.6, ,     4.7, ,     6.8, ,    11.1, ,    11.1, ,     4.4, ,     0.6, ,    -7.7, ,   -14.7, ,    -2.5,E,   -17.6,E,    -2.0, ,     9.7, ,    -0.9, 
 1987,   -19.8, ,   -18.6, ,    -9.3, ,     0.5, ,     3.6, ,     9.1, ,    13.1, , -9999.9,M, -9999.9,M, -9999.9,M, -9999.9,M, -9999.9,M, -9999.9,M,   -17.7, ,    -1.7, , -9999.9,M, -9999.9,M
 1988,   -17.6, , -9999.9,M, -9999.9,M, -9999.9,M, -9999.9,M, -9999.9,M, -9999.9,M, -9999.9,M, -9999.9,M,     1.4, ,    -2.7, ,   -15.0,E, -9999.9,M, -9999.9,M, -9999.9,M, -9999.9,M, -9999.9,M
 1989,   -18.8, ,   -19.4, ,   -13.5, ,    -2.7,E,     7.6, ,    10.1, , -9999.9,M,    12.1, ,     8.0, ,     1.1, ,    -5.2, ,   -23.0, , -9999.9,M,   -17.7,E,    -2.9,E, -9999.9,M,     1.3, 
 1990,   -13.6, ,   -19.0, ,   -10.9, ,    -0.1, ,     3.6, ,    11.3, ,    12.7, ,    13.3, ,     7.5, ,     4.0, ,    -2.6, ,   -10.5, ,    -0.4, ,   -18.5, ,    -2.5, ,    12.4, ,     3.0, 
 1991,   -19.4, ,   -16.8, ,    -7.9, ,    -2.2, ,     4.6, ,     9.2, ,    12.1, ,    12.5, ,     6.1, ,     3.4, ,    -2.8, ,   -15.9, ,    -1.4, ,   -15.6, ,    -1.8, ,    11.3, ,     2.2, 
 1992,   -16.5, ,   -17.6, ,   -14.2, ,    -2.5, ,     4.0, ,    10.1, ,    10.3, ,    12.0, ,     8.6, ,     0.3, ,    -5.6, ,   -11.1, ,    -1.9, ,   -16.7, ,    -4.2, ,    10.8, ,     1.1, 
 1993,   -18.5, ,   -23.8,E,   -12.5, ,    -1.3, ,     4.5, ,     8.8, ,    12.5, ,    12.4, ,     7.2, ,     0.2, ,    -3.7, ,    -9.7, ,    -2.0,E,   -17.8,E,    -3.1, ,    11.2, ,     1.2, 
 1994,   -25.5, ,   -22.3, ,    -8.3,E,    -2.2, ,     3.1, ,    11.4, ,    14.7, ,    10.1, ,     6.8, ,     1.0, ,    -3.1,E,   -11.7,E,    -2.2,E,   -19.2, ,    -2.5,E,    12.1, ,     1.6,E
 1995,   -14.3,E,   -20.9, ,    -8.2, ,    -4.7,E,     3.4,E,     9.1, ,    13.9, ,    10.8, ,     6.1, ,     4.7,E,    -5.4,E,   -14.6, ,    -1.7,E,   -15.6,E,    -3.2,E,    11.3, ,     1.8,E
 1996,   -18.8, ,   -16.2, ,   -10.1,E,    -0.6, ,     2.9, ,    10.7,E,    14.2,E,    14.1, ,     9.2, ,     1.3, ,    -5.2,E,    -5.7, ,    -0.4,E,   -16.5, ,    -2.6,E,    13.0,E,     1.8,E
 1997,   -16.5, ,   -16.7, ,   -14.5, ,    -3.6, ,     2.7, ,     8.1, ,    12.1, ,     9.7, ,     7.1, ,     0.5, ,    -4.5, ,   -13.0, ,    -2.4, ,   -13.0, ,    -5.1, ,    10.0, ,     1.0, 
 1998,   -14.6,E,   -15.6,E,    -8.5, ,    -1.2, ,     7.2,E,     9.5, ,    12.6, ,    11.3,E,     8.2, ,     1.6, ,    -5.0, ,    -9.9, ,    -0.4,E,   -14.4,E,    -0.8,E,    11.1,E,     1.6, 
 1999,   -18.7, ,   -14.5, ,    -5.0, ,    -2.1, ,     6.0, ,    11.2, ,    13.3,E,    10.7, ,    10.9, ,     0.0, ,    -2.4, ,    -7.7, ,     0.1,E,   -14.4, ,    -0.4, ,    11.7,E,     2.8, 
 2000,   -16.6, ,   -17.9, ,    -6.3, ,    -0.9, ,     3.7, ,     8.4, ,    12.2, ,    12.5, ,     7.1,E,     0.5, ,    -0.4, ,   -14.5, ,    -1.0,E,   -14.1, ,    -1.2, ,    11.0, ,     2.4,E
 2001,   -17.8,E,   -17.8,E,   -11.8, ,    -3.3, ,     5.2, ,     9.9, ,    12.0, ,    11.7, ,     8.4, ,     2.4, , -9999.9,M, -9999.9,M, -9999.9,M,   -16.7,E,    -3.3, ,    11.2, , -9999.9,M
 2002, -9999.9,M, -9999.9,M, -9999.9,M, -9999.9,M, -9999.9,M, -9999.9,M, -9999.9,M, -9999.9,M, -9999.9,M, -9999.9,M, -9999.9,M, -9999.9,M, -9999.9,M, -9999.9,M, -9999.9,M, -9999.9,M, -9999.9,M
 2003, -9999.9,M, -9999.9,M, -9999.9,M,    -6.1, ,     3.2, ,     9.3, ,    12.6, ,    12.3, ,     8.2, ,     1.7, ,    -2.8, ,    -9.3, , -9999.9,M, -9999.9,M, -9999.9,M,    11.4, ,     2.4, 
 2004,   -21.0, ,   -15.8, ,    -8.7, ,    -1.3, ,     3.6, ,     7.2, ,    13.7, ,    12.4, ,     6.1, ,     1.6, ,    -4.5, ,   -14.1, ,    -1.7, ,   -15.4, ,    -2.1, ,    11.1, ,     1.1, 
 2005,   -20.0, ,   -14.1, , -9999.9,M, -9999.9,M, -9999.9,M, -9999.9,M, -9999.9,M, -9999.9,M, -9999.9,M, -9999.9,M, -9999.9,M, -9999.9,M, -9999.9,M,   -16.1, , -9999.9,M, -9999.9,M, -9999.9,M
 2006, -9999.9,M, -9999.9,M, -9999.9,M, -9999.9,M, -9999.9,M, -9999.9,M, -9999.9,M, -9999.9,M, -9999.9,M, -9999.9,M, -9999.9,M, -9999.9,M, -9999.9,M, -9999.9,M, -9999.9,M, -9999.9,M, -9999.9,M
 2007, -9999.9,M, -9999.9,M, -9999.9,M, -9999.9,M, -9999.9,M, -9999.9,M,    10.8, ,    10.7, ,     7.5, ,     4.5, ,    -3.9, ,   -15.0, , -9999.9,M, -9999.9,M, -9999.9,M, -9999.9,M,     2.7, 
 2008,   -15.2, ,   -16.7, ,   -14.0, ,    -1.5, ,     2.3, ,    10.0, ,    13.0, ,    12.1, ,     7.3, ,     1.6, ,    -1.6, ,   -12.4, ,    -1.3, ,   -15.6, ,    -4.4, ,    11.7, ,     2.4, 
 2009,   -23.1, ,   -13.1, ,   -10.9, ,    -0.8, ,     3.5, ,    10.1, ,    12.9, ,    13.8, ,     5.6, ,     0.4, ,    -1.4, ,    -9.6, ,    -1.1, ,   -16.2, ,    -2.7, ,    12.3, ,     1.5, 
 2010,   -10.8, ,    -7.7, ,    -5.4, ,     0.4, ,     6.2, ,     9.5, ,    13.7, , -9999.9,M,     9.3, ,     1.7, ,    -3.7, ,    -7.5, , -9999.9,M,    -9.4, ,     0.4, , -9999.9,M,     2.4, 
 2011,   -15.3, ,   -17.4, ,   -10.0, ,    -3.1, ,     6.0, ,     9.6, ,    13.2, ,    13.2, ,     8.4, ,     4.8, ,    -0.8, ,    -8.8, ,     0.0, ,   -13.4, ,    -2.4, ,    12.0, ,     4.1, 
 2012,   -15.1, ,   -14.4, ,    -6.4, ,    -0.1, ,     5.0, ,     9.6, ,    12.4, ,    13.5, ,     7.7, ,     2.5, ,    -3.7, ,    -8.7, ,     0.2, ,   -12.8, ,    -0.5, ,    11.8, ,     2.2, 
 2013,   -17.9, ,   -13.3, ,    -5.9, ,    -2.5, ,     4.9, ,     7.5, ,    12.7, , -9999.9,M,     7.2, ,     1.5, ,    -4.1, ,   -14.2, , -9999.9,M,   -13.3, ,    -1.2, , -9999.9,M,     1.5, 
 2014,   -17.1, ,   -17.1, ,   -16.9, , -9999.9,M, -9999.9,M, -9999.9,M,    14.1, , -9999.9,M,     6.7, ,     2.4, ,    -5.5, ,    -8.8, , -9999.9,M,   -16.1, , -9999.9,M, -9999.9,M,     1.2, 
 2015,   -21.8, ,   -25.6, ,   -15.1, ,    -4.0, ,     5.1, ,     7.6, , -9999.9,M, -9999.9,M,     8.8, ,    -0.7, ,    -2.4, ,    -4.6, , -9999.9,M,   -18.7, ,    -4.7, , -9999.9,M,     1.9, 
 2016, -9999.9,M,   -13.5, , -9999.9,M, -9999.9,M, -9999.9,M, -9999.9,M, -9999.9,M, -9999.9,M,     7.0, ,     1.5, ,    -1.5, ,   -13.3, , -9999.9,M, -9999.9,M, -9999.9,M, -9999.9,M,     2.3, 
 2017, -9999.9,M, -9999.9,M, -9999.9,M,    -0.6, ,     4.2, ,     8.8, ,    11.3, ,     9.1, ,     9.0, ,     3.8, ,    -5.8, ,   -14.7, , -9999.9,M, -9999.9,M, -9999.9,M,     9.7, ,     2.3, 
