2202400,HAY RIVER A                               ,NWT , monthly mean of homogeneous sea level pressure, (hPa), updated to December 2014
Year,    Jan, ,    Feb, ,    Mar, ,    Apr, ,    May, ,    Jun, ,    Jul, ,    Aug, ,    Sep, ,    Oct, ,    Nov, ,    Dec, , Annual, , Winter, , Spring, , Summer, , Autumn
1953, 1023.0, , 1015.6, , 1016.0, , 1020.8, , 1017.4, , 1015.4, , 1014.7, , 1010.0, , 1011.9, , 1011.7, , 1008.7, , 1012.9, , 1014.8, , 1019.3, , 1018.0, , 1013.4, , 1010.8,  
1954, 1026.7, , 1014.0, , 1021.7, , 1025.7, , 1020.7, , 1011.2, , 1011.0, , 1017.4, , 1015.0, , 1010.9, , 1012.7, , 1011.1, , 1016.5, , 1017.9, , 1022.7, , 1013.2, , 1012.9,  
1955, 1019.3, , 1024.4, , 1023.6, , 1015.2, , 1013.8, , 1011.2, , 1012.3, , 1008.8, , 1016.1, , 1008.5, , 1023.4, , 1022.7, , 1016.6, , 1018.3, , 1017.6, , 1010.8, , 1016.0,  
1956, 1027.1, , 1019.6, , 1018.7, , 1022.7, , 1015.4, , 1011.2, , 1016.9, , 1012.4, , 1015.3, , 1010.6, , 1015.5, , 1018.1, , 1016.9, , 1023.1, , 1018.9, , 1013.5, , 1013.8,  
1957, 1023.8, , 1020.8, , 1019.8, , 1021.2, , 1019.9, , 1011.7, , 1008.4, , 1016.4, , 1011.7, , 1017.8, , 1014.4, , 1011.6, , 1016.5, , 1020.9, , 1020.3, , 1012.2, , 1014.6,  
1958, 1014.9, , 1028.2, , 1024.2, , 1016.6, , 1013.5, , 1016.5, , 1011.5, , 1009.1, , 1009.2, , 1009.0, , 1012.5, , 1022.1, , 1015.6, , 1018.2, , 1018.1, , 1012.4, , 1010.2,  
1959, 1027.8, , 1015.4, , 1014.3, , 1015.4, , 1018.1, , 1014.9, , 1008.8, , 1012.2, , 1012.6, , 1015.4, , 1017.9, , 1009.9, , 1015.2, , 1021.8, , 1015.9, , 1012.0, , 1015.3,  
1960, 1019.9, , 1022.2, , 1024.0, , 1014.1, , 1014.2, , 1011.8, , 1011.3, , 1008.4, , 1010.9, , 1009.3, , 1014.2, , 1021.7, , 1015.2, , 1017.4, , 1017.4, , 1010.5, , 1011.5,  
1961, 1021.6, , 1017.4, , 1017.7, , 1017.5, , 1018.6, , 1012.0, , 1013.3, , 1009.6, , 1011.1, , 1008.7, , 1013.2, , 1022.2, , 1015.3, , 1020.2, , 1017.9, , 1011.7, , 1011.0,  
1962, 1023.4, , 1025.8, , 1022.5, , 1016.0, , 1016.7, , 1010.1, , 1014.0, , 1009.6, , 1011.7, , 1010.1, , 1011.6, , 1020.8, , 1016.0, , 1023.8, , 1018.4, , 1011.2, , 1011.1,  
1963, 1026.4, , 1023.6, , 1019.0, , 1016.6, ,-9999.9,M, 1007.5, , 1008.2, , 1013.4, , 1012.5, , 1004.3, , 1012.9, , 1022.1, , 1015.1, , 1023.6, , 1017.8, , 1009.7, , 1009.9,  
1964, 1012.5, , 1011.0, , 1021.9, , 1012.9, , 1015.5, , 1011.8, , 1010.0, , 1010.0, , 1013.7, , 1010.0, , 1017.8, , 1017.4, , 1013.7, , 1015.2, , 1016.8, , 1010.6, , 1013.8,  
1965, 1021.9, , 1022.4, , 1026.3, , 1014.4, , 1012.4, , 1010.3, , 1013.0, , 1012.7, , 1018.0, , 1007.3, , 1017.7, , 1012.5, , 1015.7, , 1020.6, , 1017.7, , 1012.0, , 1014.4,  
1966, 1031.3, , 1015.9, , 1017.0, , 1024.6, , 1010.2, , 1010.2, , 1012.2, , 1012.2, , 1010.7, , 1010.7, , 1021.3, , 1017.0, , 1016.1, , 1019.9, , 1017.2, , 1011.5, , 1014.2,  
1967, 1017.7, , 1019.3, , 1023.4, , 1019.9, , 1015.6, , 1013.4, , 1010.3, , 1012.1, , 1008.1, , 1008.5, , 1012.6, , 1017.2, , 1014.8, , 1018.0, , 1019.6, , 1012.0, , 1009.8,  
1968, 1023.6, , 1023.5, , 1017.8, , 1013.4, , 1017.7, , 1011.7, , 1015.4, , 1013.7, , 1011.4, , 1008.5, , 1010.5, , 1024.4, , 1016.0, , 1021.4, , 1016.3, , 1013.6, , 1010.1,  
1969, 1028.8, , 1017.3, , 1022.3, , 1013.4, , 1016.5, , 1016.2, , 1009.8, , 1006.9, , 1017.5, , 1018.3, , 1012.9, , 1013.0, , 1016.1, , 1023.5, , 1017.4, , 1011.0, , 1016.3,  
1970, 1023.6, , 1022.7, , 1021.7, , 1012.2, , 1015.0, , 1009.8, , 1008.8, , 1008.3, , 1010.1, , 1012.4, , 1019.6, , 1016.9, , 1015.1, , 1019.7, , 1016.3, , 1008.9, , 1014.0,  
1971, 1025.5, , 1014.8, , 1017.3, , 1012.8, , 1010.7, , 1012.0, , 1015.5, , 1009.4, , 1011.5, , 1008.0, , 1015.3, , 1017.2, , 1014.2, , 1019.1, , 1013.6, , 1012.3, , 1011.6,  
1972, 1019.0, , 1024.3, , 1017.5, , 1013.3, , 1015.9, , 1009.4, , 1016.7, , 1011.4, , 1015.4, , 1015.0, , 1015.8, , 1021.2, , 1016.3, , 1020.2, , 1015.6, , 1012.5, , 1015.4,  
1973, 1013.9, , 1026.0, , 1012.4, , 1019.1, , 1011.2, , 1009.3, , 1009.9, , 1010.1, , 1013.5, , 1009.5, , 1022.1, , 1019.6, , 1014.7, , 1020.4, , 1014.2, , 1009.8, , 1015.0,  
1974, 1021.3, , 1016.9, , 1020.4, , 1016.4, , 1015.1, , 1007.7, , 1011.7, , 1014.9, , 1017.9, , 1012.5, , 1010.8, , 1009.2, , 1014.6, , 1019.3, , 1017.3, , 1011.4, , 1013.7,  
1975, 1019.4, , 1020.2, , 1021.3, , 1017.3, , 1014.2, , 1010.1, , 1010.5, , 1011.5, , 1015.2, , 1010.3, , 1013.5, , 1017.9, , 1015.1, , 1016.3, , 1017.6, , 1010.7, , 1013.0,  
1976, 1019.0, , 1016.8, , 1014.6, , 1014.5, , 1010.1, , 1011.6, , 1011.3, , 1012.1, , 1010.3, , 1013.9, , 1015.0, , 1019.2, , 1014.0, , 1017.9, , 1013.0, , 1011.7, , 1013.1,  
1977, 1021.8, , 1012.0, , 1013.1, , 1013.5, , 1010.2, , 1011.5, , 1014.8, , 1015.7, , 1012.8, , 1007.7, , 1013.6, , 1023.3, , 1014.2, , 1017.7, , 1012.3, , 1014.0, , 1011.4,  
1978, 1028.2, , 1020.8, , 1019.8, , 1018.9, , 1014.9, , 1010.4, , 1013.3, , 1012.7, , 1011.6, , 1008.8, , 1018.2, , 1015.1, , 1016.1, , 1024.1, , 1017.9, , 1012.1, , 1012.9,  
1979, 1023.9, , 1032.6, , 1021.3, , 1021.3, , 1015.7, , 1012.3, , 1012.1, , 1013.4, , 1013.1, , 1010.4, , 1012.9, , 1009.9, , 1016.6, , 1023.9, , 1019.4, , 1012.6, , 1012.1,  
1980, 1022.0, , 1020.3, , 1016.8, , 1011.0, , 1014.4, , 1013.5, , 1009.3, , 1010.7, , 1013.3, , 1013.8, , 1011.2, , 1028.2, , 1015.4, , 1017.4, , 1014.1, , 1011.2, , 1012.8,  
1981, 1016.3, , 1017.6, , 1016.0, , 1016.1, , 1016.5, , 1007.5, , 1010.7, , 1011.9, , 1011.7, , 1011.8, , 1010.7, , 1014.6, , 1013.4, , 1020.7, , 1016.2, , 1010.0, , 1011.4,  
1982, 1027.2, , 1025.2, , 1018.9, , 1013.0, , 1016.0, , 1013.7, , 1011.9, , 1014.1, , 1012.4, , 1009.3, , 1018.0, , 1018.4, , 1016.5, , 1022.4, , 1016.0, , 1013.2, , 1013.2,  
1983, 1017.3, , 1018.3, , 1021.2, , 1017.6, , 1018.5, , 1012.3, , 1009.5, , 1008.9, , 1012.3, , 1009.8, , 1013.3, , 1027.0, , 1015.5, , 1018.0, , 1019.1, , 1010.3, , 1011.8,  
1984, 1019.9, , 1013.1, , 1022.0, , 1014.7, , 1014.4, , 1010.0, , 1009.1, , 1008.6, , 1018.5, , 1014.5, , 1014.8, , 1018.7, , 1014.8, , 1020.0, , 1017.0, , 1009.2, , 1015.9,  
1985, 1022.7, , 1023.5, , 1013.3, , 1011.6, , 1012.7, , 1013.4, , 1013.9, , 1014.5, , 1013.7, , 1009.8, , 1025.8, , 1020.6, , 1016.3, , 1021.6, , 1012.5, , 1013.9, , 1016.4,  
1986, 1017.1, , 1018.3, , 1017.0, , 1019.4, , 1013.5, , 1011.2, , 1012.7, , 1011.0, , 1017.0, , 1015.8, , 1018.5, , 1011.7, , 1015.3, , 1018.6, , 1016.6, , 1011.6, , 1017.1,  
1987, 1010.8, , 1018.5, , 1023.9, , 1012.3, , 1011.8, , 1010.5, , 1013.9, , 1016.8, , 1011.0, , 1013.8, , 1013.0, , 1011.0, , 1013.9, , 1013.7, , 1016.0, , 1013.7, , 1012.6,  
1988, 1021.8, , 1020.7, , 1019.1, , 1015.3, , 1014.9, , 1011.1, , 1011.5, , 1009.4, , 1012.4, , 1015.5, , 1010.5, , 1017.7, , 1015.0, , 1017.8, , 1016.4, , 1010.7, , 1012.8,  
1989, 1012.9, , 1030.2, , 1023.8, , 1021.3, , 1013.9, , 1013.5, , 1014.1, , 1013.6, , 1014.0, , 1012.9, , 1013.1, , 1021.8, , 1017.1, , 1020.2, , 1019.6, , 1013.7, , 1013.3,  
1990, 1012.7, , 1017.2, , 1017.7, , 1019.6, , 1015.2, , 1009.7, , 1014.0, , 1012.4, , 1011.3, , 1009.7, , 1014.9, , 1019.3, , 1014.5, , 1017.2, , 1017.5, , 1012.0, , 1012.0,  
1991, 1018.4, , 1017.2, , 1011.3, , 1016.2, , 1012.8, , 1011.3, , 1010.2, , 1011.9, , 1014.1, , 1016.0, , 1017.2, , 1010.4, , 1013.9, , 1018.3, , 1013.4, , 1011.1, , 1015.8,  
1992, 1012.5, , 1021.4, , 1017.3, , 1016.9, , 1014.2, , 1014.2, , 1014.0, , 1014.7, , 1009.4, , 1011.9, , 1013.3, , 1017.9, , 1014.8, , 1014.8, , 1016.1, , 1014.3, , 1011.5,  
1993, 1014.1, , 1022.3, , 1016.5, , 1016.4, , 1018.0, , 1013.3, , 1014.2, , 1014.1, , 1013.8, , 1014.2, , 1013.3, , 1014.1, , 1015.4, , 1018.1, , 1017.0, , 1013.9, , 1013.8,  
1994, 1030.5, , 1027.2, , 1013.2, , 1018.0, , 1012.7, , 1010.8, , 1013.4, , 1015.5, , 1011.1, , 1008.7, , 1007.6, , 1012.4, , 1015.1, , 1023.9, , 1014.6, , 1013.2, , 1009.1,  
1995, 1017.5, , 1024.5, , 1021.8, , 1020.9, , 1015.9, , 1013.1, , 1011.6, , 1008.8, , 1013.7, , 1011.7, , 1020.1, , 1021.3, , 1016.7, , 1018.1, , 1019.5, , 1011.2, , 1015.2,  
1996, 1023.5, , 1015.4, , 1027.0, , 1014.8, , 1018.5, , 1011.4, , 1013.0, , 1008.6, , 1011.3, , 1013.4, , 1024.5, , 1016.8, , 1016.5, , 1020.1, , 1020.1, , 1011.0, , 1016.4,  
1997, 1020.8, , 1019.0, , 1021.3, , 1019.1, , 1019.0, , 1010.7, , 1009.4, , 1012.5, , 1009.5, , 1012.8, , 1011.6, , 1008.3, , 1014.5, , 1018.8, , 1019.8, , 1010.9, , 1011.3,  
1998, 1022.5, , 1012.5, , 1020.2, , 1012.9, , 1012.5, , 1012.7, , 1013.2, , 1010.5, , 1010.3, , 1012.7, , 1012.5, , 1017.5, , 1014.2, , 1014.4, , 1015.2, , 1012.2, , 1011.8,  
1999, 1017.8, , 1010.4, , 1014.9, , 1016.2, , 1013.1, , 1009.9, , 1011.7, , 1011.0, , 1011.5, , 1010.5, , 1011.7, , 1013.7, , 1012.7, , 1015.2, , 1014.7, , 1010.9, , 1011.2,  
2000, 1017.0, , 1015.3, , 1014.5, , 1018.6, , 1014.7, , 1013.6, , 1010.9, , 1012.6, , 1010.8, , 1012.2, , 1016.2, , 1027.2, , 1015.3, , 1015.3, , 1015.9, , 1012.4, , 1013.1,  
2001, 1011.4, , 1021.8, , 1017.6, , 1014.5, , 1011.5, , 1015.9, , 1009.9, , 1009.8, , 1009.8, , 1010.1, , 1015.0, , 1013.8, , 1013.4, , 1020.1, , 1014.5, , 1011.9, , 1011.6,  
2002, 1015.2, , 1019.0, , 1027.5, , 1020.5, , 1018.3, , 1010.7, , 1010.6, , 1011.7, , 1009.7, , 1018.2, , 1014.2, , 1008.8, , 1015.4, , 1016.0, , 1022.1, , 1011.0, , 1014.0,  
2003, 1025.3, , 1025.3, , 1018.1, , 1016.5, , 1013.5, , 1011.9, , 1011.0, , 1011.7, , 1013.8, , 1012.5, , 1010.0, , 1009.7, , 1015.0, , 1019.8, , 1016.1, , 1011.5, , 1012.1,  
2004, 1027.9, , 1017.9, , 1017.4, , 1019.5, , 1017.8, , 1018.8, , 1012.3, , 1017.4, , 1011.4, , 1009.8, , 1011.7, , 1020.2, , 1016.8, , 1018.5, , 1018.2, , 1016.2, , 1011.0,  
2005, 1022.6, , 1018.2, , 1018.0, , 1018.0, , 1017.5, , 1012.9, , 1008.7, , 1013.3, , 1010.3, , 1009.7, , 1012.5, , 1012.8, , 1014.6, , 1020.4, , 1017.8, , 1011.6, , 1010.8,  
2006, 1011.4, , 1020.4, , 1020.5, , 1010.2, , 1014.8, , 1011.6, , 1012.3, , 1010.8, , 1014.9, , 1015.3, , 1019.6, , 1006.9, , 1014.1, , 1014.9, , 1015.2, , 1011.6, , 1016.6,  
2007, 1015.2, , 1026.0, , 1019.5, , 1015.6, , 1015.1, , 1013.7, , 1009.6, , 1014.0, , 1012.6, , 1007.1, , 1015.5, , 1017.1, , 1015.1, , 1016.1, , 1016.7, , 1012.4, , 1011.7,  
2008, 1015.6, , 1019.2, , 1020.6, , 1016.9, , 1016.7, , 1011.0, , 1009.0, , 1007.6, , 1014.2, , 1010.1, , 1013.8, , 1023.0, , 1014.8, , 1017.3, , 1018.1, , 1009.2, , 1012.7,  
2009, 1021.4, , 1022.1, , 1019.9, , 1020.1, , 1017.3, , 1011.9, , 1016.3, , 1011.7, , 1009.2, , 1018.2, , 1004.3, , 1025.0, , 1016.5, , 1022.2, , 1019.1, , 1013.3, , 1010.6,  
2010, 1021.6, , 1018.6, , 1010.9, , 1013.3, , 1017.7, , 1010.6, , 1007.8, , 1010.5, , 1013.4, , 1009.7, , 1015.0, , 1022.2, , 1014.3, , 1021.8, , 1014.0, , 1009.6, , 1012.7,  
2011, 1023.9, , 1017.8, , 1022.2, , 1014.1, , 1016.6, , 1010.7, , 1006.6, , 1007.6, , 1008.1, , 1009.2, , 1010.2, , 1010.2, , 1013.1, , 1021.3, , 1017.6, , 1008.3, , 1009.2,  
2012, 1011.7, , 1017.5, , 1010.4, , 1018.6, , 1011.4, , 1010.1, , 1011.1, , 1010.4, , 1010.1, , 1017.8, , 1021.5, , 1019.8, , 1014.2, , 1013.1, , 1013.5, , 1010.6, , 1016.5,  
2013, 1022.0, , 1014.5, , 1025.0, , 1022.6, , 1016.6, , 1014.5, , 1013.7, , 1012.4, , 1007.1, , 1013.5, , 1018.5, , 1026.1, , 1017.2, , 1018.8, , 1021.4, , 1013.5, , 1013.1,  
2014, 1018.6, , 1025.6, , 1021.9, , 1017.1, , 1018.5, , 1011.9, , 1011.4, , 1011.8, , 1013.4, , 1010.5, , 1023.3, , 1017.2, , 1016.8, , 1023.4, , 1019.1, , 1011.7, , 1015.7,  
