1038205,TOFINO A                                  ,BC  , monthly mean of homogeneous sea level pressure, (hPa), updated to December 2014
Year,    Jan, ,    Feb, ,    Mar, ,    Apr, ,    May, ,    Jun, ,    Jul, ,    Aug, ,    Sep, ,    Oct, ,    Nov, ,    Dec, , Annual, , Winter, , Spring, , Summer, , Autumn
1953,-9999.9,M,-9999.9,M,-9999.9,M,-9999.9,M,-9999.9,M,-9999.9,M,-9999.9,M,-9999.9,M,-9999.9,M,-9999.9,M,-9999.9,M,-9999.9,M,-9999.9,M,-9999.9,M,-9999.9,M,-9999.9,M,-9999.9,M 
1954,-9999.9,M,-9999.9,M,-9999.9,M,-9999.9,M,-9999.9,M,-9999.9,M,-9999.9,M,-9999.9,M,-9999.9,M,-9999.9,M,-9999.9,M,-9999.9,M,-9999.9,M,-9999.9,M,-9999.9,M,-9999.9,M,-9999.9,M 
1955,-9999.9,M,-9999.9,M,-9999.9,M,-9999.9,M,-9999.9,M,-9999.9,M,-9999.9,M,-9999.9,M,-9999.9,M,-9999.9,M,-9999.9,M,-9999.9,M,-9999.9,M,-9999.9,M,-9999.9,M,-9999.9,M,-9999.9,M 
1956,-9999.9,M,-9999.9,M,-9999.9,M,-9999.9,M,-9999.9,M,-9999.9,M,-9999.9,M,-9999.9,M,-9999.9,M,-9999.9,M,-9999.9,M,-9999.9,M,-9999.9,M,-9999.9,M,-9999.9,M,-9999.9,M,-9999.9,M 
1957,-9999.9,M,-9999.9,M,-9999.9,M,-9999.9,M,-9999.9,M,-9999.9,M,-9999.9,M,-9999.9,M,-9999.9,M,-9999.9,M,-9999.9,M,-9999.9,M,-9999.9,M,-9999.9,M,-9999.9,M,-9999.9,M,-9999.9,M 
1958,-9999.9,M,-9999.9,M,-9999.9,M,-9999.9,M,-9999.9,M,-9999.9,M,-9999.9,M,-9999.9,M,-9999.9,M,-9999.9,M,-9999.9,M,-9999.9,M,-9999.9,M,-9999.9,M,-9999.9,M,-9999.9,M,-9999.9,M 
1959,-9999.9,M,-9999.9,M,-9999.9,M,-9999.9,M,-9999.9,M,-9999.9,M,-9999.9,M,-9999.9,M,-9999.9,M,-9999.9,M,-9999.9,M,-9999.9,M,-9999.9,M,-9999.9,M,-9999.9,M,-9999.9,M,-9999.9,M 
1960, 1015.3, , 1015.9, , 1015.3, , 1014.8, , 1015.1, , 1019.8, , 1019.4, , 1016.7, , 1019.0, , 1015.1, , 1013.0, , 1021.8, , 1016.8, , 1015.6, , 1015.0, , 1018.6, , 1015.7,  
1961, 1015.4, , 1013.1, , 1009.8, , 1018.4, , 1016.9, , 1018.0, , 1018.4, , 1017.9, , 1017.8, , 1016.9, , 1014.9, , 1015.5, , 1016.1, , 1016.8, , 1015.0, , 1018.1, , 1016.5,  
1962, 1024.1, , 1012.6, , 1014.1, , 1018.2, , 1018.2, , 1018.4, , 1020.0, , 1017.2, , 1015.0, , 1015.3, , 1012.8, , 1017.9, , 1017.0, , 1017.4, , 1016.8, , 1018.6, , 1014.4,  
1963, 1024.8, , 1016.0, , 1014.1, , 1012.6, , 1017.6, , 1017.0, , 1017.3, , 1018.1, , 1014.6, , 1013.3, , 1011.1, , 1018.7, , 1016.3, , 1019.6, , 1014.8, , 1017.5, , 1013.0,  
1964, 1010.6, , 1024.4, , 1014.4, , 1019.1, , 1018.3, , 1016.2, , 1016.1, , 1016.7, , 1017.6, , 1017.7, , 1014.7, , 1008.8, , 1016.2, , 1017.9, , 1017.2, , 1016.3, , 1016.7,  
1965, 1014.1, , 1018.2, , 1020.0, , 1014.7, , 1019.6, , 1017.4, , 1018.6, , 1016.7, , 1018.3, , 1016.4, , 1009.5, , 1010.6, , 1016.2, , 1013.7, , 1018.1, , 1017.5, , 1014.8,  
1966, 1011.8, , 1016.0, , 1014.3, , 1020.3, , 1018.8, , 1017.4, , 1017.4, , 1018.2, , 1017.0, , 1018.1, , 1012.7, , 1010.6, , 1016.1, , 1012.8, , 1017.8, , 1017.7, , 1015.9,  
1967, 1012.5, , 1020.7, , 1012.2, , 1014.6, , 1020.8, , 1016.4, , 1019.3, , 1017.7, , 1015.2, , 1013.5, , 1016.6, , 1016.5, , 1016.3, , 1014.6, , 1015.9, , 1017.8, , 1015.1,  
1968, 1013.3, , 1015.7, , 1014.9, , 1021.6, , 1016.9, , 1018.0, , 1018.2, , 1015.9, , 1017.3, , 1013.2, , 1014.0, , 1010.4, , 1015.8, , 1015.1, , 1017.8, , 1017.4, , 1014.8,  
1969, 1007.9, , 1007.4, , 1019.7, , 1015.3, , 1017.6, , 1014.4, , 1019.4, , 1016.7, , 1013.8, , 1017.4, , 1017.9, , 1013.1, , 1015.0, , 1008.6, , 1017.5, , 1016.8, , 1016.4,  
1970, 1012.2, , 1018.9, , 1019.4, , 1018.0, , 1021.0, , 1016.9, , 1018.2, , 1017.3, , 1018.1, , 1015.1, , 1011.7, , 1008.3, , 1016.3, , 1014.7, , 1019.5, , 1017.5, , 1015.0,  
1971, 1016.1, , 1017.0, , 1014.3, , 1015.9, , 1017.5, , 1017.0, , 1018.3, , 1015.7, , 1016.2, , 1017.4, , 1015.4, , 1011.7, , 1016.0, , 1013.8, , 1015.9, , 1017.0, , 1016.3,  
1972, 1015.9, , 1013.2, , 1015.7, , 1016.0, , 1017.1, , 1016.6, , 1016.9, , 1017.1, , 1015.6, , 1019.9, , 1013.6, , 1015.1, , 1016.0, , 1013.6, , 1016.3, , 1016.9, , 1016.3,  
1973, 1012.5, , 1015.1, , 1013.0, , 1021.3, , 1017.7, , 1016.7, , 1018.7, , 1017.6, , 1016.2, , 1015.2, , 1006.2, , 1011.8, , 1015.2, , 1014.2, , 1017.3, , 1017.7, , 1012.5,  
1974, 1013.5, , 1015.2, , 1009.5, , 1017.5, , 1017.3, , 1016.7, , 1017.3, , 1017.3, , 1017.5, , 1020.0, , 1015.0, , 1014.9, , 1016.0, , 1013.5, , 1014.8, , 1017.1, , 1017.5,  
1975, 1016.3, , 1012.7, , 1012.9, , 1016.5, , 1017.5, , 1018.1, , 1017.2, , 1016.9, , 1019.7, , 1011.3, , 1012.8, , 1018.2, , 1015.8, , 1014.6, , 1015.7, , 1017.4, , 1014.6,  
1976, 1019.5, , 1012.6, , 1015.6, , 1016.1, , 1017.8, , 1017.9, , 1016.9, , 1016.8, , 1016.6, , 1018.5, , 1021.1, , 1018.2, , 1017.3, , 1016.8, , 1016.5, , 1017.2, , 1018.7,  
1977, 1020.2, , 1017.8, , 1014.3, , 1019.3, , 1012.8, , 1018.7, , 1019.4, , 1014.5, , 1014.2, , 1016.3, , 1015.0, , 1010.9, , 1016.1, , 1018.7, , 1015.5, , 1017.5, , 1015.2,  
1978, 1012.1, , 1011.7, , 1014.9, , 1014.0, , 1019.0, , 1017.4, , 1018.1, , 1016.0, , 1014.5, , 1020.8, , 1020.1, , 1020.8, , 1016.6, , 1011.6, , 1016.0, , 1017.2, , 1018.5,  
1979, 1018.2, , 1009.9, , 1016.8, , 1015.9, , 1018.1, , 1019.9, , 1017.1, , 1016.0, , 1015.0, ,-9999.9,M, 1018.9, , 1013.1, , 1016.3, , 1016.3, , 1016.9, , 1017.6, , 1017.0,  
1980, 1015.5, , 1011.5, , 1015.2, , 1015.7, , 1016.0, , 1018.0, , 1018.5, , 1016.8, , 1015.9, , 1018.2, , 1016.2, , 1015.3, , 1016.1, , 1013.3, , 1015.6, , 1017.8, , 1016.8,  
1981, 1015.3, , 1015.7, , 1015.2, , 1016.8, , 1016.9, , 1016.8, , 1018.7, , 1015.5, , 1016.0, , 1014.3, , 1011.5, , 1011.5, , 1015.4, , 1015.4, , 1016.3, , 1017.0, , 1013.9,  
1982, 1013.5, , 1014.7, , 1012.1, , 1015.8, , 1020.2, , 1016.0, , 1018.5, , 1018.2, , 1017.4, , 1015.4, , 1011.9, , 1013.9, , 1015.6, , 1013.3, , 1016.1, , 1017.6, , 1014.9,  
1983, 1009.6, , 1005.6, , 1006.2, , 1015.7, , 1018.5, , 1016.1, , 1017.0, , 1017.7, , 1018.9, , 1017.9, , 1006.1, , 1016.3, , 1013.8, , 1009.7, , 1013.5, , 1017.0, , 1014.3,  
1984, 1023.2, , 1014.4, , 1016.3, , 1015.5, , 1017.4, , 1017.8, , 1019.9, , 1017.4, , 1016.6, , 1014.3, , 1008.0, , 1015.6, , 1016.4, , 1018.0, , 1016.4, , 1018.3, , 1012.9,  
1985, 1024.1, , 1019.9, , 1016.5, , 1018.1, , 1016.9, , 1019.7, , 1018.2, , 1018.1, , 1016.7, , 1014.9, , 1016.7, , 1023.1, , 1018.6, , 1019.9, , 1017.2, , 1018.7, , 1016.1,  
1986, 1011.8, , 1011.5, , 1014.4, , 1017.8, , 1015.5, , 1016.8, , 1019.5, , 1017.1, , 1014.1, , 1018.9, , 1017.7, , 1016.9, , 1016.0, , 1015.5, , 1015.9, , 1017.8, , 1016.9,  
1987, 1015.6, , 1015.8, , 1013.6, , 1017.4, , 1016.5, , 1018.6, , 1015.9, , 1019.0, , 1019.0, , 1020.2, , 1015.9, , 1015.3, , 1016.9, , 1016.1, , 1015.8, , 1017.8, , 1018.4,  
1988, 1016.6, , 1022.4, , 1020.8, , 1014.3, , 1016.1, , 1017.3, , 1019.8, , 1017.3, , 1018.1, , 1017.8, , 1009.1, , 1018.8, , 1017.4, , 1018.1, , 1017.1, , 1018.2, , 1015.0,  
1989, 1018.2, , 1023.3, , 1011.6, , 1017.1, , 1018.3, , 1016.8, , 1019.1, , 1016.0, , 1016.3, , 1017.0, , 1017.0, , 1022.1, , 1017.7, , 1020.1, , 1015.7, , 1017.3, , 1016.8,  
1990, 1012.0, , 1015.9, , 1017.9, , 1016.8, , 1014.8, , 1016.5, , 1017.6, , 1017.0, , 1019.1, , 1016.0, , 1015.3, , 1019.1, , 1016.5, , 1016.6, , 1016.5, , 1017.0, , 1016.8,  
1991, 1020.7, , 1015.9, , 1010.9, , 1017.8, , 1017.5, , 1017.9, , 1019.4, , 1016.6, , 1020.1, , 1019.3, , 1017.5, , 1015.4, , 1017.4, , 1018.6, , 1015.4, , 1018.0, , 1019.0,  
1992, 1013.1, , 1012.0, , 1016.6, , 1015.1, , 1018.6, , 1015.3, , 1017.7, , 1018.7, , 1016.5, , 1015.0, , 1018.7, , 1012.6, , 1015.8, , 1013.5, , 1016.8, , 1017.2, , 1016.7,  
1993, 1014.0, , 1015.6, , 1016.7, , 1013.7, , 1012.8, , 1016.4, , 1018.1, , 1017.7, , 1019.0, , 1018.9, , 1020.9, , 1015.8, , 1016.6, , 1014.1, , 1014.4, , 1017.4, , 1019.6,  
1994, 1019.5, , 1011.3, , 1018.0, , 1016.6, , 1016.3, , 1017.8, , 1019.1, , 1018.1, , 1017.4, , 1014.9, , 1012.4, , 1012.0, , 1016.1, , 1015.5, , 1017.0, , 1018.3, , 1014.9,  
1995, 1006.7, , 1017.7, , 1010.7, , 1015.5, , 1016.1, , 1016.8, , 1017.5, , 1015.5, , 1016.1, , 1017.3, , 1012.8, , 1012.5, , 1014.6, , 1012.2, , 1014.1, , 1016.6, , 1015.4,  
1996, 1012.3, , 1011.8, , 1017.5, , 1014.4, , 1017.0, , 1019.4, , 1018.3, , 1017.8, , 1016.1, , 1015.1, , 1014.4, , 1007.7, , 1015.1, , 1012.2, , 1016.3, , 1018.5, , 1015.2,  
1997, 1015.1, , 1021.0, , 1015.1, , 1017.3, , 1016.8, , 1015.3, , 1018.3, , 1016.2, , 1012.6, , 1013.6, , 1010.9, , 1017.2, , 1015.8, , 1014.6, , 1016.4, , 1016.6, , 1012.4,  
1998, 1004.8, , 1003.7, , 1013.9, , 1017.5, , 1014.5, , 1017.0, , 1017.5, , 1019.9, , 1015.1, , 1016.0, , 1008.0, , 1018.0, , 1013.8, , 1008.6, , 1015.3, , 1018.1, , 1013.0,  
1999, 1014.3, , 1006.8, , 1011.1, , 1020.2, , 1018.6, , 1017.0, , 1018.3, , 1016.6, , 1018.8, , 1019.7, , 1012.1, , 1020.4, , 1016.2, , 1013.0, , 1016.7, , 1017.3, , 1016.9,  
2000, 1015.1, , 1012.4, , 1018.5, , 1017.8, , 1016.2, , 1018.1, , 1018.6, , 1018.2, , 1016.6, , 1015.0, , 1019.3, , 1018.9, , 1017.1, , 1016.0, , 1017.5, , 1018.3, , 1017.0,  
2001, 1017.8, , 1016.8, , 1017.3, , 1015.6, , 1020.3, , 1018.9, , 1018.8, , 1016.9, , 1016.9, , 1016.8, , 1010.8, , 1010.5, , 1016.4, , 1017.8, , 1017.7, , 1018.2, , 1014.8,  
2002, 1015.8, , 1020.9, , 1016.9, , 1017.5, , 1018.1, , 1017.5, , 1019.2, , 1019.0, , 1016.1, , 1020.9, , 1016.0, , 1008.2, , 1017.2, , 1015.8, , 1017.5, , 1018.6, , 1017.7,  
2003, 1017.0, , 1018.3, , 1011.8, , 1011.2, , 1017.7, , 1016.8, , 1018.9, , 1018.3, , 1017.3, , 1015.4, , 1015.2, , 1010.4, , 1015.7, , 1014.5, , 1013.6, , 1018.0, , 1016.0,  
2004, 1014.3, , 1014.4, , 1018.9, , 1018.6, , 1016.2, , 1017.8, , 1016.9, , 1015.4, , 1015.9, , 1012.7, , 1021.0, , 1015.6, , 1016.5, , 1013.0, , 1017.9, , 1016.7, , 1016.5,  
2005, 1014.7, , 1018.6, , 1014.7, , 1015.1, , 1013.8, , 1014.4, , 1017.4, , 1017.7, , 1018.2, , 1013.5, , 1016.7, , 1013.3, , 1015.7, , 1016.3, , 1014.5, , 1016.5, , 1016.2,  
2006, 1009.4, , 1020.7, , 1008.5, , 1014.9, , 1017.9, , 1019.0, , 1018.3, , 1018.4, , 1017.4, , 1019.6, , 1008.1, , 1015.6, , 1015.6, , 1014.5, , 1013.8, , 1018.6, , 1015.0,  
2007, 1021.8, , 1012.3, , 1017.6, , 1016.8, , 1019.0, , 1017.0, , 1017.0, , 1016.1, , 1016.9, , 1015.1, , 1018.8, , 1014.1, , 1016.9, , 1016.6, , 1017.8, , 1016.7, , 1016.9,  
2008, 1011.0, , 1016.7, , 1019.7, , 1019.1, , 1018.4, , 1019.3, , 1018.2, , 1014.6, , 1018.0, , 1019.9, , 1015.9, , 1014.1, , 1017.1, , 1013.9, , 1019.1, , 1017.4, , 1017.9,  
2009, 1022.9, , 1014.6, , 1015.7, , 1019.0, , 1017.4, , 1015.5, , 1017.7, , 1017.5, , 1016.3, , 1015.1, , 1012.1, , 1016.8, , 1016.7, , 1017.2, , 1017.4, , 1016.9, , 1014.5,  
2010, 1007.1, , 1012.4, , 1014.2, , 1011.9, , 1016.3, , 1018.2, , 1018.0, , 1015.6, , 1014.3, , 1015.5, , 1015.2, , 1008.0, , 1013.9, , 1012.1, , 1014.2, , 1017.3, , 1015.0,  
2011, 1019.3, , 1015.6, , 1008.5, , 1016.4, , 1016.1, , 1016.2, , 1017.0, , 1017.2, , 1016.1, , 1016.8, , 1013.3, , 1024.2, , 1016.4, , 1014.3, , 1013.7, , 1016.8, , 1015.4,  
2012, 1015.5, , 1015.9, , 1008.4, , 1014.7, , 1019.1, , 1015.8, , 1018.1, , 1017.3, , 1020.4, , 1014.7, , 1011.9, , 1009.5, , 1015.1, , 1018.5, , 1014.1, , 1017.0, , 1015.7,  
2013, 1021.4, , 1020.2, , 1018.9, , 1019.9, , 1018.2, , 1017.0, , 1018.6, , 1016.0, , 1011.0, , 1020.4, , 1018.3, , 1023.9, , 1018.7, , 1017.0, , 1019.0, , 1017.2, , 1016.6,  
2014, 1020.6, , 1012.9, , 1013.8, , 1016.4, , 1018.0, , 1017.4, , 1018.6, , 1017.1, , 1014.7, , 1011.5, , 1016.5, , 1014.2, , 1016.0, , 1019.1, , 1016.1, , 1017.7, , 1014.3,  
