2300500,BAKER LAKE A                              ,NU  , monthly mean of homogeneous sea level pressure, (hPa), updated to December 2014
Year,    Jan, ,    Feb, ,    Mar, ,    Apr, ,    May, ,    Jun, ,    Jul, ,    Aug, ,    Sep, ,    Oct, ,    Nov, ,    Dec, , Annual, , Winter, , Spring, , Summer, , Autumn
1953, 1015.4, , 1016.4, , 1022.1, , 1021.5, , 1020.6, , 1016.5, , 1010.6, , 1011.9, , 1015.6, , 1013.9, , 1012.3, , 1014.7, , 1015.9, , 1015.9, , 1021.4, , 1013.0, , 1013.9,  
1954, 1020.3, , 1009.5, , 1020.6, , 1019.4, , 1024.1, , 1012.2, , 1011.4, , 1017.5, , 1016.1, , 1010.6, , 1014.4, , 1012.7, , 1015.7, , 1014.8, , 1021.4, , 1013.7, , 1013.7,  
1955, 1019.7, , 1024.5, , 1020.0, , 1022.2, , 1016.6, , 1014.1, , 1009.6, , 1006.3, , 1012.3, , 1008.4, , 1020.8, , 1019.5, , 1016.2, , 1019.0, , 1019.6, , 1010.0, , 1013.9,  
1956, 1027.1, , 1016.7, , 1017.8, , 1019.7, , 1016.7, , 1019.0, , 1014.5, , 1010.0, , 1013.3, , 1013.3, , 1016.2, , 1013.3, , 1016.5, , 1021.1, , 1018.1, , 1014.5, , 1014.2,  
1957, 1010.6, , 1015.1, , 1021.5, , 1021.9, , 1021.1, , 1008.7, , 1009.0, , 1013.1, , 1007.9, , 1015.1, , 1014.5, , 1016.3, , 1014.6, , 1013.0, , 1021.5, , 1010.3, , 1012.5,  
1958, 1017.3, , 1023.6, , 1030.2, , 1022.5, , 1015.8, , 1012.5, , 1009.5, , 1013.5, , 1010.7, , 1014.1, , 1013.2, , 1018.5, , 1016.8, , 1019.1, , 1022.8, , 1011.8, , 1012.7,  
1959, 1013.8, , 1010.8, , 1021.2, , 1021.0, , 1018.6, , 1012.9, , 1005.5, , 1011.4, , 1012.6, , 1014.0, , 1016.6, , 1014.6, , 1014.4, , 1014.4, , 1020.3, , 1010.0, , 1014.4,  
1960, 1017.8, , 1023.2, , 1023.1, , 1020.6, , 1018.5, , 1014.6, , 1007.0, , 1007.2, , 1009.8, , 1011.8, , 1013.3, , 1013.9, , 1015.1, , 1018.5, , 1020.8, , 1009.6, , 1011.6,  
1961, 1020.5, , 1018.5, , 1024.8, , 1019.1, , 1019.6, , 1014.1, , 1014.5, , 1006.4, , 1008.0, , 1012.6, , 1014.1, , 1017.0, , 1015.8, , 1017.6, , 1021.2, , 1011.7, , 1011.6,  
1962, 1013.4, , 1022.2, , 1025.6, , 1018.3, , 1019.6, , 1016.0, , 1011.3, , 1010.1, , 1010.3, , 1012.2, , 1013.3, , 1015.1, , 1015.6, , 1017.6, , 1021.1, , 1012.5, , 1011.9,  
1963, 1011.0, , 1017.1, , 1018.3, , 1019.6, , 1016.5, , 1015.7, , 1010.4, , 1012.2, , 1014.5, , 1006.6, , 1013.1, , 1016.8, , 1014.3, , 1014.4, , 1018.1, , 1012.8, , 1011.4,  
1964, 1013.6, , 1010.3, , 1018.1, , 1017.7, , 1020.5, , 1009.9, , 1012.2, , 1014.4, , 1011.3, , 1010.8, , 1014.9, , 1011.9, , 1013.8, , 1013.6, , 1018.8, , 1012.2, , 1012.4,  
1965, 1014.4, , 1013.9, , 1024.0, , 1015.8, , 1014.5, , 1014.9, , 1012.4, , 1010.4, , 1010.8, , 1010.1, , 1016.3, , 1013.3, , 1014.2, , 1013.4, , 1018.1, , 1012.6, , 1012.4,  
1966, 1028.2, , 1014.2, , 1022.7, , 1024.6, , 1019.7, , 1012.1, , 1009.6, , 1012.9, , 1010.1, , 1011.5, , 1014.5, , 1022.7, , 1016.9, , 1018.6, , 1022.3, , 1011.5, , 1012.0,  
1967, 1016.1, , 1016.0, , 1015.0, , 1020.4, , 1015.4, , 1011.6, , 1010.1, , 1007.9, , 1007.1, , 1012.1, , 1013.0, , 1013.6, , 1013.2, , 1018.2, , 1016.9, , 1009.9, , 1010.7,  
1968, 1021.8, , 1023.2, , 1015.1, , 1014.9, , 1023.1, , 1014.3, , 1009.0, , 1012.0, , 1010.9, , 1013.5, , 1014.1, , 1021.9, , 1016.1, , 1019.5, , 1017.7, , 1011.7, , 1012.9,  
1969, 1022.6, , 1022.9, , 1022.8, , 1019.6, , 1016.4, , 1011.6, , 1010.7, , 1010.6, , 1019.1, , 1013.9, , 1012.4, , 1018.3, , 1016.7, , 1022.5, , 1019.6, , 1011.0, , 1015.1,  
1970, 1015.5, , 1014.1, , 1023.0, , 1022.1, , 1020.7, , 1011.4, , 1008.3, , 1008.2, , 1007.5, , 1016.1, , 1015.5, , 1022.8, , 1015.4, , 1016.0, , 1021.9, , 1009.3, , 1013.0,  
1971, 1013.7, , 1015.0, , 1020.3, , 1020.7, , 1014.9, , 1016.1, , 1010.1, , 1009.8, , 1010.1, , 1009.1, , 1019.6, , 1017.0, , 1014.7, , 1017.2, , 1018.6, , 1012.0, , 1012.9,  
1972, 1009.3, , 1016.7, , 1018.3, , 1019.1, , 1019.3, , 1015.2, , 1013.2, , 1011.5, , 1009.7, , 1011.4, , 1015.0, , 1016.9, , 1014.6, , 1014.3, , 1018.9, , 1013.3, , 1012.0,  
1973, 1012.9, , 1020.3, , 1018.0, , 1027.3, , 1019.1, , 1015.0, , 1010.8, , 1008.7, , 1009.5, , 1011.0, , 1021.2, , 1021.5, , 1016.3, , 1016.7, , 1021.5, , 1011.5, , 1013.9,  
1974, 1011.4, , 1018.2, , 1018.2, , 1018.8, , 1020.5, , 1012.5, , 1011.6, , 1011.7, , 1008.5, , 1013.4, , 1013.6, , 1016.4, , 1014.6, , 1017.0, , 1019.2, , 1011.9, , 1011.8,  
1975, 1013.4, , 1013.7, , 1022.2, , 1026.5, , 1017.2, , 1015.0, , 1007.0, , 1011.7, , 1013.4, , 1009.2, , 1012.9, , 1017.5, , 1015.0, , 1014.5, , 1022.0, , 1011.2, , 1011.8,  
1976, 1014.6, , 1009.0, , 1013.2, , 1019.9, , 1017.9, , 1013.5, , 1011.2, , 1012.2, , 1010.6, , 1015.6, , 1014.8, , 1013.9, , 1013.9, , 1013.7, , 1017.0, , 1012.3, , 1013.7,  
1977, 1015.1, , 1021.4, , 1015.7, , 1012.7, , 1018.4, , 1012.5, , 1010.9, , 1010.9, , 1016.4, , 1008.5, , 1010.1, , 1016.4, , 1014.1, , 1016.8, , 1015.6, , 1011.4, , 1011.7,  
1978, 1020.5, , 1024.9, , 1018.9, , 1023.5, , 1021.4, , 1009.2, , 1008.5, , 1011.0, , 1018.4, , 1012.7, , 1013.6, , 1015.8, , 1016.5, , 1020.6, , 1021.3, , 1009.6, , 1014.9,  
1979, 1017.6, , 1027.7, , 1019.3, , 1023.3, , 1020.9, , 1011.3, , 1010.8, , 1008.2, , 1013.2, ,-9999.9,M, 1016.5, , 1009.4, , 1016.2, , 1020.3, , 1021.2, , 1010.1, , 1014.8,  
1980, 1018.3, , 1018.1, , 1017.4, , 1017.2, , 1020.0, , 1016.6, , 1007.9, , 1009.1, , 1014.8, , 1019.2, , 1012.1, , 1016.4, , 1015.6, , 1015.3, , 1018.2, , 1011.2, , 1015.4,  
1981, 1016.4, , 1014.3, , 1021.5, , 1020.9, , 1018.1, , 1011.0, , 1008.5, , 1012.3, , 1013.4, , 1013.4, , 1014.6, , 1017.5, , 1015.2, , 1015.7, , 1020.2, , 1010.6, , 1013.8,  
1982, 1018.2, , 1014.4, , 1015.7, , 1017.5, , 1022.1, , 1017.0, , 1009.1, , 1013.2, , 1014.4, , 1010.9, , 1014.2, , 1016.1, , 1015.2, , 1016.7, , 1018.5, , 1013.1, , 1013.2,  
1983, 1016.5, , 1021.7, , 1024.5, , 1026.1, , 1019.1, , 1013.5, , 1011.6, , 1009.1, , 1012.1, , 1011.5, , 1020.2, , 1013.8, , 1016.6, , 1018.1, , 1023.2, , 1011.4, , 1014.6,  
1984, 1013.3, , 1018.8, , 1024.2, , 1021.1, , 1020.3, , 1014.2, , 1010.6, , 1005.9, , 1015.6, , 1010.1, , 1017.4, , 1009.1, , 1015.0, , 1015.3, , 1021.8, , 1010.2, , 1014.4,  
1985, 1019.6, , 1023.8, , 1017.1, , 1018.4, , 1017.9, , 1015.6, , 1007.8, , 1011.5, , 1009.9, , 1011.0, , 1017.1, , 1012.5, , 1015.2, , 1017.5, , 1017.8, , 1011.6, , 1012.7,  
1986, 1015.7, , 1017.6, , 1015.0, , 1023.5, , 1017.6, , 1011.7, , 1013.2, , 1009.9, , 1017.4, , 1014.5, , 1013.4, , 1010.7, , 1015.0, , 1015.3, , 1018.7, , 1011.6, , 1015.1,  
1987, 1011.8, , 1027.0, , 1024.6, , 1018.2, , 1015.8, , 1012.6, , 1010.5, , 1008.5, , 1012.8, , 1017.0, , 1011.7, , 1017.1, , 1015.6, , 1016.5, , 1019.5, , 1010.5, , 1013.9,  
1988, 1016.9, , 1012.0, , 1022.7, , 1023.7, , 1016.7, , 1016.8, , 1011.5, , 1006.9, , 1013.1, , 1014.5, , 1013.4, , 1016.3, , 1015.4, , 1015.3, , 1021.1, , 1011.7, , 1013.7,  
1989, 1010.2, , 1013.4, , 1015.8, , 1019.5, , 1017.9, , 1017.2, , 1011.3, , 1015.1, , 1011.2, , 1015.0, , 1011.0, , 1018.2, , 1014.6, , 1013.3, , 1017.7, , 1014.5, , 1012.4,  
1990, 1007.9, , 1012.5, , 1012.7, , 1018.8, , 1015.6, , 1011.7, , 1010.6, , 1010.7, , 1010.0, , 1016.2, , 1013.1, , 1013.6, , 1012.8, , 1012.9, , 1015.7, , 1011.0, , 1013.1,  
1991, 1012.0, , 1011.5, , 1013.9, , 1021.3, , 1018.6, , 1016.0, , 1010.0, , 1012.2, , 1012.5, , 1013.6, , 1014.2, , 1011.1, , 1013.9, , 1012.4, , 1017.9, , 1012.7, , 1013.4,  
1992, 1009.4, , 1017.3, , 1020.4, , 1022.4, , 1016.6, , 1019.1, , 1013.4, , 1013.7, , 1009.3, , 1010.0, , 1017.8, , 1009.1, , 1014.9, , 1012.6, , 1019.8, , 1015.4, , 1012.3,  
1993, 1006.9, , 1018.8, , 1018.7, , 1022.6, , 1019.5, , 1014.9, , 1013.0, , 1012.6, , 1008.0, , 1011.4, , 1010.8, , 1014.5, , 1014.3, , 1011.6, , 1020.3, , 1013.5, , 1010.1,  
1994, 1020.6, , 1018.8, , 1018.0, , 1018.5, , 1019.0, , 1009.6, , 1013.4, , 1012.2, , 1011.7, , 1012.8, , 1011.5, , 1014.1, , 1015.0, , 1018.0, , 1018.5, , 1011.7, , 1012.0,  
1995, 1020.4, , 1016.9, , 1022.7, , 1022.2, , 1019.1, , 1016.1, , 1007.0, , 1008.7, , 1012.6, , 1012.4, , 1012.3, , 1024.3, , 1016.2, , 1017.1, , 1021.3, , 1010.6, , 1012.4,  
1996, 1012.0, , 1015.3, , 1021.7, , 1017.8, , 1020.8, , 1015.1, , 1014.0, , 1010.4, , 1011.7, , 1014.4, , 1021.1, , 1014.3, , 1015.7, , 1017.2, , 1020.1, , 1013.2, , 1015.7,  
1997, 1017.8, , 1014.7, , 1017.1, , 1023.3, , 1020.9, , 1012.3, , 1011.6, , 1011.5, , 1014.3, , 1011.3, , 1012.4, , 1010.7, , 1014.8, , 1015.6, , 1020.5, , 1011.8, , 1012.7,  
1998, 1023.1, , 1022.8, , 1022.7, , 1017.6, , 1015.3, , 1015.7, , 1010.5, , 1009.4, , 1010.1, , 1016.3, , 1015.6, , 1008.8, , 1015.7, , 1018.9, , 1018.5, , 1011.8, , 1014.0,  
1999, 1013.9, , 1017.9, , 1023.3, , 1020.1, , 1018.2, , 1011.3, , 1007.1, , 1009.4, , 1011.9, , 1016.1, , 1016.3, , 1009.3, , 1014.6, , 1013.5, , 1020.6, , 1009.3, , 1014.8,  
2000, 1011.5, , 1010.9, , 1016.0, , 1018.9, , 1018.2, , 1015.7, , 1014.7, , 1010.9, , 1007.5, , 1013.8, , 1017.3, , 1021.5, , 1014.7, , 1010.6, , 1017.7, , 1013.8, , 1012.9,  
2001, 1013.4, , 1017.3, , 1022.3, , 1016.5, , 1016.8, , 1014.2, , 1012.3, , 1009.4, , 1011.9, , 1009.8, , 1016.6, , 1014.5, , 1014.6, , 1017.4, , 1018.6, , 1012.0, , 1012.8,  
2002, 1010.5, , 1019.6, , 1019.3, , 1019.7, , 1016.9, , 1012.4, , 1010.4, , 1010.7, , 1006.5, , 1014.5, , 1010.5, , 1010.7, , 1013.5, , 1014.9, , 1018.6, , 1011.1, , 1010.5,  
2003, 1014.9, , 1016.9, , 1016.9, , 1024.2, , 1014.3, , 1012.6, , 1011.9, , 1012.1, , 1012.7, , 1012.4, , 1005.8, , 1014.1, , 1014.1, , 1014.2, , 1018.5, , 1012.2, , 1010.3,  
2004, 1024.6, , 1022.2, , 1018.3, , 1019.3, , 1017.9, , 1016.2, , 1011.2, , 1012.8, , 1010.1, , 1009.4, , 1011.7, , 1016.5, , 1015.8, , 1020.3, , 1018.5, , 1013.4, , 1010.4,  
2005, 1016.2, , 1020.0, , 1019.2, , 1021.8, , 1020.1, , 1013.6, , 1006.9, , 1010.0, , 1012.3, , 1013.4, , 1011.9, , 1018.3, , 1015.3, , 1017.6, , 1020.4, , 1010.2, , 1012.5,  
2006, 1011.5, , 1017.9, , 1029.2, , 1015.8, , 1021.6, , 1013.6, , 1008.0, , 1011.2, , 1013.0, , 1013.6, , 1018.5, , 1009.3, , 1015.3, , 1015.9, , 1022.2, , 1010.9, , 1015.1,  
2007, 1014.7, , 1020.6, , 1020.4, , 1021.6, , 1020.3, , 1013.0, , 1009.2, , 1006.7, , 1014.2, , 1012.5, , 1016.0, , 1015.2, , 1015.4, , 1014.9, , 1020.8, , 1009.6, , 1014.2,  
2008, 1013.5, , 1017.3, , 1019.9, , 1019.4, , 1018.0, , 1013.3, , 1010.4, , 1007.5, , 1010.3, , 1013.7, , 1019.8, , 1012.0, , 1014.6, , 1015.3, , 1019.1, , 1010.4, , 1014.6,  
2009, 1013.7, , 1022.0, , 1021.6, , 1021.3, , 1016.0, , 1015.6, , 1016.3, , 1011.9, , 1012.4, , 1019.1, , 1011.4, , 1017.9, , 1016.6, , 1015.9, , 1019.6, , 1014.6, , 1014.3,  
2010, 1020.0, , 1023.9, , 1012.4, , 1020.5, , 1022.1, , 1014.2, , 1009.1, , 1009.5, , 1013.8, , 1008.8, , 1009.1, , 1021.1, , 1015.4, , 1020.6, , 1018.3, , 1010.9, , 1010.6,  
2011, 1018.8, , 1007.1, , 1022.6, , 1010.9, , 1024.4, , 1013.1, , 1008.6, , 1008.1, , 1008.4, , 1014.1, , 1007.2, , 1005.0, , 1012.4, , 1015.7, , 1019.3, , 1010.0, , 1009.9,  
2012, 1013.2, , 1015.5, , 1018.1, , 1022.4, , 1017.9, , 1012.2, , 1010.4, , 1010.8, , 1010.6, , 1019.0, , 1016.4, , 1017.9, , 1015.4, , 1011.2, , 1019.5, , 1011.1, , 1015.3,  
2013, 1014.6, , 1020.2, , 1027.3, , 1020.1, , 1021.1, , 1016.9, , 1009.5, , 1012.9, , 1009.6, , 1012.9, , 1018.9, , 1014.8, , 1016.6, , 1017.5, , 1022.8, , 1013.1, , 1013.8,  
2014, 1012.9, , 1015.7, , 1017.3, , 1018.8, , 1020.6, , 1013.8, , 1011.1, , 1012.1, , 1012.1, , 1014.9, , 1012.9, , 1014.5, , 1014.7, , 1014.5, , 1018.9, , 1012.4, , 1013.3,  
