2204100,YELLOWKNIFE A                             ,NWT ,   monthly mean of homogeneous station pressure, (hPa), updated to December 2014
Year,    Jan, ,    Feb, ,    Mar, ,    Apr, ,    May, ,    Jun, ,    Jul, ,    Aug, ,    Sep, ,    Oct, ,    Nov, ,    Dec, , Annual, , Winter, , Spring, , Summer, , Autumn
1953,  993.1, ,  988.2, ,  989.1, ,  993.8, ,  992.2, ,  989.5, ,  988.4, ,  983.8, ,  986.4, ,  985.1, ,  981.5, ,  985.5, ,  988.0, ,  990.6, ,  991.7, ,  987.2, ,  984.3,  
1954,  996.7, ,  984.7, ,  993.9, ,  997.5, ,  995.1, ,  985.5, ,  984.5, ,  992.2, ,  988.5, ,  983.9, ,  985.8, ,  983.0, ,  989.3, ,  989.0, ,  995.5, ,  987.4, ,  986.0,  
1955,  991.0, ,  995.0, ,  994.6, ,  988.3, ,  986.6, ,  984.6, ,  985.9, ,  981.5, ,  988.9, ,  980.8, ,  993.8, ,  992.4, ,  988.6, ,  989.7, ,  989.9, ,  984.0, ,  987.9,  
1956,  997.4, ,  990.4, ,  990.0, ,  994.3, ,  988.6, ,  985.7, ,  990.0, ,  985.5, ,  987.9, ,  982.8, ,  987.3, ,  989.4, ,  989.1, ,  993.4, ,  991.0, ,  987.1, ,  986.0,  
1957,  993.9, ,  991.6, ,  993.3, ,  995.3, ,  994.4, ,  986.0, ,  983.1, ,  991.1, ,  985.5, ,  991.8, ,  987.8, ,  986.1, ,  990.0, ,  991.7, ,  994.4, ,  986.8, ,  988.4,  
1958,  988.7, , 1000.6, ,  998.2, ,  991.5, ,  988.8, ,  991.6, ,  986.7, ,  984.4, ,  984.5, ,  983.5, ,  985.8, ,  994.8, ,  989.9, ,  991.8, ,  992.8, ,  987.6, ,  984.6,  
1959,  998.0, ,  987.7, ,  988.0, ,  989.5, ,  993.1, ,  989.5, ,  983.5, ,  987.1, ,  987.5, ,  988.7, ,  990.8, ,  983.5, ,  988.9, ,  993.5, ,  990.2, ,  986.7, ,  989.0,  
1960,  991.9, ,  995.2, ,  996.7, ,  989.2, ,  989.1, ,  987.5, ,  986.0, ,  983.0, ,  985.4, ,  983.9, ,  987.8, ,  994.6, ,  989.2, ,  990.2, ,  991.7, ,  985.5, ,  985.7,  
1961,  994.0, ,  990.0, ,  991.3, ,  991.1, ,  992.9, ,  987.4, ,  987.8, ,  983.9, ,  985.6, ,  983.1, ,  985.9, ,  993.4, ,  988.9, ,  992.9, ,  991.8, ,  986.4, ,  984.8,  
1962,  994.6, ,  998.1, ,  995.6, ,  990.4, ,  991.5, ,  985.3, ,  988.6, ,  985.2, ,  986.0, ,  984.3, ,  985.3, ,  993.1, ,  989.8, ,  995.4, ,  992.5, ,  986.4, ,  985.2,  
1963,  996.6, ,  996.4, ,  991.6, ,  991.3, ,  990.9, ,  982.6, ,  983.5, ,  988.1, ,  987.7, ,  977.8, ,  985.4, ,  993.8, ,  988.8, ,  995.4, ,  991.2, ,  984.7, ,  983.6,  
1964,  984.6, ,  983.8, ,  993.4, ,  986.0, ,  990.1, ,  986.2, ,  985.0, ,  985.6, ,  987.7, ,  983.6, ,  990.4, ,  988.1, ,  987.1, ,  987.4, ,  989.9, ,  985.6, ,  987.3,  
1965,  992.7, ,  994.0, ,  998.8, ,  987.9, ,  986.7, ,  985.0, ,  988.4, ,  987.5, ,  991.6, ,  981.7, ,  990.8, ,  985.4, ,  989.2, ,  991.6, ,  991.1, ,  987.0, ,  988.0,  
1966, 1002.3, ,  987.9, ,  990.6, ,  998.0, ,  985.6, ,  985.0, ,  987.1, ,  986.6, ,  985.2, ,  985.4, ,  993.3, ,  990.3, ,  989.8, ,  991.9, ,  991.4, ,  986.2, ,  988.0,  
1967,  989.7, ,  991.9, ,  995.2, ,  993.8, ,  990.2, ,  988.0, ,  985.4, ,  986.4, ,  982.4, ,  983.0, ,  985.6, ,  989.3, ,  988.4, ,  990.6, ,  993.1, ,  986.6, ,  983.7,  
1968,  995.2, ,  996.1, ,  991.6, ,  987.5, ,  992.3, ,  987.1, ,  990.4, ,  988.8, ,  985.7, ,  982.8, ,  983.6, ,  996.4, ,  989.8, ,  993.6, ,  990.5, ,  988.7, ,  984.0,  
1969,  999.7, ,  990.8, ,  995.7, ,  988.5, ,  991.2, ,  990.9, ,  984.6, ,  981.9, ,  992.9, ,  992.4, ,  985.9, ,  986.6, ,  990.1, ,  995.6, ,  991.8, ,  985.8, ,  990.4,  
1970,  994.9, ,  995.1, ,  995.7, ,  986.8, ,  990.4, ,  984.7, ,  983.5, ,  982.8, ,  984.1, ,  986.6, ,  992.0, ,  990.2, ,  988.9, ,  992.2, ,  991.0, ,  983.6, ,  987.6,  
1971,  996.0, ,  987.5, ,  990.6, ,  987.4, ,  985.6, ,  987.7, ,  990.2, ,  984.4, ,  985.4, ,  981.4, ,  989.0, ,  988.6, ,  987.8, ,  991.2, ,  987.9, ,  987.5, ,  985.3,  
1972,  989.6, ,  995.4, ,  990.6, ,  987.8, ,  990.6, ,  984.4, ,  991.3, ,  985.7, ,  989.3, ,  988.2, ,  988.6, ,  993.0, ,  989.5, ,  991.2, ,  989.7, ,  987.1, ,  988.7,  
1973,  986.3, ,  998.3, ,  985.6, ,  993.6, ,  986.5, ,  984.8, ,  984.6, ,  983.8, ,  987.8, ,  983.1, ,  994.7, ,  992.6, ,  988.5, ,  992.5, ,  988.6, ,  984.4, ,  988.5,  
1974,  991.8, ,  989.9, ,  992.8, ,  990.1, ,  989.6, ,  982.6, ,  986.5, ,  988.8, ,  991.0, ,  986.2, ,  983.6, ,  982.1, ,  987.9, ,  991.4, ,  990.8, ,  986.0, ,  987.0,  
1975,  990.9, ,  992.3, ,  995.0, ,  991.8, ,  988.8, ,  985.5, ,  985.0, ,  986.4, ,  989.2, ,  984.3, ,  986.1, ,  989.6, ,  988.7, ,  988.4, ,  991.9, ,  985.6, ,  986.5,  
1976,  990.9, ,  988.4, ,  987.6, ,  989.2, ,  985.6, ,  986.1, ,  986.8, ,  987.7, ,  984.8, ,  987.6, ,  988.5, ,  991.8, ,  987.9, ,  989.6, ,  987.5, ,  986.9, ,  987.0,  
1977,  994.5, ,  986.2, ,  986.9, ,  987.8, ,  986.0, ,  986.8, ,  990.0, ,  990.0, ,  987.7, ,  982.0, ,  986.6, ,  994.7, ,  988.3, ,  990.9, ,  986.9, ,  988.9, ,  985.4,  
1978, 1001.3, ,  995.3, ,  993.9, ,  993.9, ,  990.4, ,  985.8, ,  988.4, ,  988.1, ,  988.1, ,  983.7, ,  991.5, ,  988.2, ,  990.7, ,  997.1, ,  992.8, ,  987.4, ,  987.8,  
1979,  996.3, , 1004.1, ,  994.8, ,  995.0, ,  991.4, ,  987.7, ,  987.8, ,  988.5, ,  988.9, ,  985.2, ,  987.6, ,  982.8, ,  990.8, ,  996.2, ,  993.7, ,  988.0, ,  987.2,  
1980,  994.1, ,  993.6, ,  990.4, ,  986.1, ,  989.9, ,  989.4, ,  985.0, ,  986.1, ,  988.6, ,  988.7, ,  985.7, ,  999.5, ,  989.8, ,  990.2, ,  988.8, ,  986.8, ,  987.6,  
1981,  990.4, ,  990.7, ,  990.3, ,  991.1, ,  991.9, ,  982.9, ,  986.0, ,  987.2, ,  987.3, ,  987.1, ,  984.6, ,  988.1, ,  988.1, ,  993.5, ,  991.1, ,  985.4, ,  986.3,  
1982,  997.8, ,  996.9, ,  992.0, ,  988.3, ,  991.6, ,  989.4, ,  987.6, ,  989.1, ,  987.6, ,  984.0, ,  991.0, ,  991.6, ,  990.6, ,  994.3, ,  990.6, ,  988.7, ,  987.5,  
1983,  990.1, ,  992.3, ,  994.8, ,  992.4, ,  993.6, ,  988.1, ,  984.8, ,  983.8, ,  986.3, ,  984.0, ,  987.6, ,  998.0, ,  989.7, ,  991.3, ,  993.6, ,  985.6, ,  986.0,  
1984,  992.5, ,  986.4, ,  995.5, ,  989.5, ,  990.1, ,  985.6, ,  983.5, ,  983.1, ,  993.1, ,  988.3, ,  988.2, ,  989.8, ,  988.8, ,  992.3, ,  991.7, ,  984.1, ,  989.8,  
1985,  995.7, ,  995.7, ,  987.2, ,  985.8, ,  987.4, ,  988.7, ,  987.8, ,  988.9, ,  987.7, ,  984.1, ,  997.1, ,  993.1, ,  989.9, ,  993.7, ,  986.8, ,  988.5, ,  989.6,  
1986,  990.0, ,  990.3, ,  990.1, ,  993.8, ,  988.5, ,  985.9, ,  987.9, ,  985.4, ,  992.0, ,  989.3, ,  990.9, ,  985.1, ,  989.1, ,  991.1, ,  990.8, ,  986.4, ,  990.7,  
1987,  983.5, ,  992.5, ,  996.7, ,  986.9, ,  986.8, ,  985.1, ,  988.7, ,  990.8, ,  985.4, ,  988.4, ,  986.5, ,  985.0, ,  988.0, ,  987.0, ,  990.1, ,  988.2, ,  986.8,  
1988,  994.3, ,  992.7, ,  993.3, ,  991.0, ,  990.3, ,  986.5, ,  986.5, ,  983.9, ,  986.0, ,  990.3, ,  984.2, ,  991.1, ,  989.2, ,  990.7, ,  991.5, ,  985.6, ,  986.8,  
1989,  985.4, , 1001.4, ,  996.5, ,  995.8, ,  989.4, ,  989.2, ,  988.9, ,  989.4, ,  988.5, ,  987.5, ,  986.3, ,  994.6, ,  991.1, ,  992.6, ,  993.9, ,  989.2, ,  987.4,  
1990,  984.9, ,  988.9, ,  991.3, ,  993.9, ,  990.9, ,  984.7, ,  989.0, ,  988.0, ,  985.8, ,  985.4, ,  988.4, ,  991.1, ,  988.5, ,  989.5, ,  992.1, ,  987.2, ,  986.5,  
1991,  990.7, ,  990.4, ,  984.8, ,  991.6, ,  988.8, ,  986.9, ,  985.5, ,  987.2, ,  989.0, ,  990.2, ,  990.7, ,  984.0, ,  988.3, ,  990.7, ,  988.4, ,  986.6, ,  990.0,  
1992,  985.5, ,  994.5, ,  991.3, ,  992.0, ,  988.9, ,  989.7, ,  989.4, ,  989.9, ,  985.1, ,  985.9, ,  987.1, ,  989.5, ,  989.1, ,  988.0, ,  990.7, ,  989.6, ,  986.0,  
1993,  986.3, ,  995.3, ,  990.3, ,  991.7, ,  993.9, ,  989.5, ,  989.4, ,  989.6, ,  988.0, ,  988.6, ,  986.5, ,  988.2, ,  989.8, ,  990.4, ,  992.0, ,  989.5, ,  987.7,  
1994, 1002.0, ,  998.6, ,  987.3, ,  993.1, ,  988.7, ,  986.2, ,  989.2, ,  990.8, ,  985.8, ,  983.4, ,  980.9, ,  985.6, ,  989.3, ,  996.3, ,  989.7, ,  988.7, ,  983.4,  
1995,  991.3, ,  996.7, ,  995.1, ,  996.8, ,  991.2, ,  988.7, ,  986.7, ,  984.2, ,  989.0, ,  986.7, ,  992.7, ,  994.1, ,  991.1, ,  991.2, ,  994.4, ,  986.5, ,  989.5,  
1996,  994.6, ,  988.9, , 1000.1, ,  990.1, ,  993.2, ,  987.1, ,  988.6, ,  983.9, ,  985.7, ,  988.0, ,  997.8, ,  989.3, ,  990.6, ,  992.5, ,  994.5, ,  986.5, ,  990.5,  
1997,  993.6, ,  992.6, ,  994.3, ,  993.6, ,  994.1, ,  986.3, ,  985.0, ,  987.8, ,  985.2, ,  987.7, ,  985.7, ,  982.5, ,  989.0, ,  991.8, ,  994.0, ,  986.4, ,  986.2,  
1998,  995.6, ,  987.1, ,  994.3, ,  988.1, ,  988.6, ,  988.5, ,  988.7, ,  984.8, ,  985.1, ,  987.3, ,  986.4, ,  990.2, ,  988.7, ,  988.4, ,  990.3, ,  987.4, ,  986.3,  
1999,  990.4, ,  985.0, ,  989.5, ,  991.0, ,  988.7, ,  985.4, ,  986.5, ,  986.7, ,  986.3, ,  985.4, ,  986.5, ,  986.8, ,  987.3, ,  988.5, ,  989.7, ,  986.2, ,  986.1,  
2000,  989.3, ,  988.4, ,  988.5, ,  992.6, ,  990.0, ,  989.3, ,  986.8, ,  987.6, ,  985.4, ,  985.8, ,  989.6, ,  999.5, ,  989.4, ,  988.2, ,  990.4, ,  987.9, ,  986.9,  
2001,  985.1, ,  994.0, ,  991.0, ,  989.2, ,  986.4, ,  991.3, ,  985.2, ,  984.9, ,  985.1, ,  984.8, ,  989.2, ,  986.8, ,  987.7, ,  992.9, ,  988.9, ,  987.2, ,  986.4,  
2002,  987.7, ,  992.0, ,  999.2, ,  993.9, ,  992.8, ,  985.8, ,  985.7, ,  986.4, ,  984.0, ,  992.3, ,  988.0, ,  982.9, ,  989.2, ,  988.8, ,  995.3, ,  986.0, ,  988.1,  
2003,  997.2, ,  997.9, ,  991.5, ,  992.1, ,  988.4, ,  986.9, ,  986.4, ,  986.2, ,  988.6, ,  987.1, ,  982.5, ,  983.2, ,  989.0, ,  992.7, ,  990.7, ,  986.5, ,  986.1,  
2004,  999.9, ,  991.3, ,  990.5, ,  993.8, ,  992.4, ,  993.8, ,  987.5, ,  992.1, ,  985.2, ,  984.2, ,  985.3, ,  993.2, ,  990.8, ,  991.5, ,  992.2, ,  991.1, ,  984.9,  
2005,  994.5, ,  991.5, ,  992.1, ,  993.3, ,  993.4, ,  988.0, ,  984.0, ,  987.8, ,  985.4, ,  984.2, ,  986.4, ,  987.1, ,  989.0, ,  993.1, ,  993.0, ,  986.6, ,  985.3,  
2006,  984.5, ,  993.5, ,  994.3, ,  985.2, ,  990.4, ,  986.9, ,  987.3, ,  986.1, ,  989.9, ,  989.3, ,  992.8, ,  980.1, ,  988.4, ,  988.4, ,  990.0, ,  986.8, ,  990.7,  
2007,  988.1, ,  998.2, ,  992.9, ,  991.1, ,  990.2, ,  989.5, ,  985.5, ,  988.3, ,  988.5, ,  981.7, ,  989.4, ,  990.3, ,  989.5, ,  988.8, ,  991.4, ,  987.8, ,  986.5,  
2008,  988.4, ,  992.4, ,  994.0, ,  991.5, ,  992.5, ,  986.1, ,  984.3, ,  982.3, ,  988.7, ,  984.7, ,  988.5, ,  994.7, ,  989.0, ,  990.4, ,  992.7, ,  984.2, ,  987.3,  
2009,  993.5, ,  994.7, ,  992.9, ,  994.3, ,  992.2, ,  987.5, ,  991.1, ,  987.1, ,  984.5, ,  992.7, ,  978.1, ,  997.4, ,  990.5, ,  994.3, ,  993.1, ,  988.6, ,  985.1,  
2010,  994.4, ,  992.6, ,  984.5, ,  988.6, ,  992.9, ,  986.0, ,  982.8, ,  986.3, ,  988.0, ,  984.0, ,  988.0, ,  995.3, ,  988.6, ,  994.8, ,  988.7, ,  985.0, ,  986.7,  
2011,  996.4, ,  989.5, ,  995.3, ,  988.1, ,  992.3, ,  986.1, ,  982.3, ,  982.6, ,  982.3, ,  983.9, ,  983.3, ,  983.1, ,  987.1, ,  993.7, ,  991.9, ,  983.7, ,  983.2,  
2012,  984.1, ,  990.9, ,  984.6, ,  993.4, ,  987.3, ,  986.2, ,  986.4, ,  985.1, ,  984.7, ,  991.9, ,  994.0, ,  992.9, ,  988.5, ,  986.0, ,  988.4, ,  985.9, ,  990.2,  
2013,  994.0, ,  988.6, ,  998.1, ,  996.8, ,  991.6, ,  989.8, ,  988.4, ,  988.2, ,  982.4, ,  987.6, ,  991.9, ,  997.2, ,  991.2, ,  991.8, ,  995.5, ,  988.8, ,  987.3,  
2014,  991.7, ,  997.4, ,  994.7, ,  992.1, ,  993.2, ,  987.4, ,  986.9, ,  987.2, ,  987.9, ,  985.3, ,  995.7, ,  990.0, ,  990.8, ,  995.4, ,  993.3, ,  987.2, ,  989.7,  
