8403506,ST JOHN'S A                               ,NFLD,   monthly mean of homogeneous station pressure, (hPa), updated to December 2014
Year,    Jan, ,    Feb, ,    Mar, ,    Apr, ,    May, ,    Jun, ,    Jul, ,    Aug, ,    Sep, ,    Oct, ,    Nov, ,    Dec, , Annual, , Winter, , Spring, , Summer, , Autumn
1953,  997.1, ,  990.5, ,  998.5, ,  991.4, ,  993.5, ,  996.6, ,  998.6, ,  996.5, ,  997.8, ,  997.2, , 1000.5, ,  992.0, ,  995.8, ,  993.8, ,  994.5, ,  997.2, ,  998.5,  
1954,  995.5, ,  995.8, ,  986.2, ,  999.4, ,  997.2, ,  999.4, ,  998.0, ,  994.2, ,  998.6, ,  995.9, ,  997.2, ,  995.5, ,  996.1, ,  994.4, ,  994.3, ,  997.2, ,  997.2,  
1955,  978.0, ,  998.7, ,  988.0, ,  991.8, ,  995.0, ,  995.1, ,  997.3, ,  997.4, ,  999.5, ,  994.0, ,  987.6, ,  984.9, ,  992.3, ,  990.7, ,  991.6, ,  996.6, ,  993.7,  
1956,  994.3, ,  987.8, ,  991.6, ,  992.6, ,  997.8, ,  998.1, ,  997.2, ,  997.2, , 1000.8, ,  999.9, ,  996.6, ,  992.4, ,  995.5, ,  989.0, ,  994.0, ,  997.5, ,  999.1,  
1957,  991.9, ,  991.3, ,  988.0, ,  991.4, ,  992.1, ,  996.7, ,  997.2, ,  998.6, ,  996.2, ,  997.8, ,  997.0, ,  997.4, ,  994.6, ,  991.9, ,  990.5, ,  997.5, ,  997.0,  
1958,  994.5, ,  984.3, ,  990.9, ,  998.8, , 1001.6, ,  995.8, ,  994.7, ,  994.8, ,  994.8, ,  996.7, ,  991.4, ,  991.9, ,  994.2, ,  992.1, ,  997.1, ,  995.1, ,  994.3,  
1959,  985.5, ,  988.2, ,  989.6, ,  995.7, ,  995.2, ,  998.0, , 1000.5, ,  999.1, ,  998.4, ,  997.5, , 1001.6, ,  995.1, ,  995.4, ,  988.6, ,  993.5, ,  999.2, ,  999.2,  
1960,  984.7, ,  992.9, ,  987.4, ,  992.5, ,  997.6, ,  998.3, ,  997.0, ,  995.6, ,  999.9, ,  993.3, ,  993.1, ,  996.1, ,  994.0, ,  990.9, ,  992.5, ,  997.0, ,  995.5,  
1961,  986.8, ,  991.9, ,  990.4, ,  987.1, , 1001.1, ,  997.3, ,  997.8, ,  999.1, ,  999.3, ,  997.9, ,  996.3, ,  985.6, ,  994.2, ,  991.6, ,  992.9, ,  998.0, ,  997.8,  
1962,  993.0, ,  993.6, ,  982.9, ,  994.5, ,  996.9, ,  996.2, ,  998.3, , 1000.2, ,  998.6, ,  993.9, ,  997.5, ,  994.5, ,  995.0, ,  990.7, ,  991.4, ,  998.2, ,  996.7,  
1963,  996.9, ,  987.7, ,  988.6, ,  984.2, , 1000.3, ,  992.5, ,  998.2, ,  996.6, ,  999.9, ,  994.3, ,  995.4, ,  986.0, ,  993.4, ,  993.0, ,  991.0, ,  995.7, ,  996.5,  
1964,  987.2, ,  979.1, ,  990.5, ,  996.6, ,  994.2, ,  994.8, , 1000.2, ,  997.6, ,  996.3, ,  997.1, ,  989.9, , 1000.1, ,  993.6, ,  984.1, ,  993.8, ,  997.5, ,  994.4,  
1965,  986.7, ,  991.5, ,  979.9, ,  990.3, ,  993.0, ,  995.5, ,  997.4, ,  997.5, , 1000.1, ,  993.6, ,  997.7, ,  990.4, ,  992.8, ,  992.8, ,  987.7, ,  996.8, ,  997.1,  
1966,  983.4, ,  987.5, ,  996.7, ,  991.7, ,  997.0, ,  996.9, ,  997.4, ,  995.6, ,  994.6, ,  995.1, , 1006.0, ,  994.9, ,  994.7, ,  987.1, ,  995.1, ,  996.6, ,  998.6,  
1967,  992.9, ,  988.5, ,  997.8, ,  992.3, ,  998.4, , 1000.0, ,  999.5, , 1000.1, ,  999.7, , 1000.3, ,  995.9, ,  993.5, ,  996.6, ,  992.1, ,  996.2, ,  999.9, ,  998.6,  
1968,  991.8, ,  986.4, ,  995.3, ,  998.6, ,  991.7, ,  995.2, ,  997.8, ,  994.9, ,  999.9, ,  992.4, ,  987.7, ,  988.2, ,  993.3, ,  990.6, ,  995.2, ,  995.9, ,  993.3,  
1969,  994.6, ,  997.8, ,  986.7, ,  995.1, ,  994.3, ,  997.0, ,  997.8, ,  994.4, ,  999.9, ,  996.0, , 1006.0, ,  994.4, ,  996.2, ,  993.5, ,  992.0, ,  996.4, , 1000.6,  
1970,  980.3, ,  998.4, ,  990.8, ,  989.1, , 1000.9, ,  998.6, ,  998.5, ,  996.5, ,  997.6, , 1002.0, , 1000.4, ,  987.6, ,  995.1, ,  991.0, ,  993.6, ,  997.9, , 1000.0,  
1971,  983.4, ,  997.4, ,  986.9, ,  995.9, ,  998.1, ,  993.7, ,  998.4, ,  998.7, ,  999.3, ,  997.9, ,  994.6, ,  991.5, ,  994.6, ,  989.4, ,  993.6, ,  997.0, ,  997.3,  
1972,  992.8, ,  993.5, ,  997.8, ,  991.6, ,  998.3, , 1001.5, ,  999.1, ,  997.4, ,  998.4, , 1000.8, ,  994.3, ,  994.7, ,  996.7, ,  992.6, ,  995.9, ,  999.3, ,  997.8,  
1973,  986.3, ,  996.0, ,  996.0, ,  994.0, , 1000.4, ,  997.7, , 1000.0, ,  998.1, ,  995.5, ,  995.6, ,  988.2, , 1000.6, ,  995.7, ,  992.3, ,  996.8, ,  998.6, ,  993.1,  
1974,  991.2, ,  986.0, ,  985.7, ,  992.8, ,  992.6, ,  997.1, ,  998.4, ,  998.5, ,  999.8, ,  999.0, ,  994.8, ,  992.5, ,  994.0, ,  992.6, ,  990.4, ,  998.0, ,  997.8,  
1975,  993.7, ,  988.3, ,  988.6, ,  992.1, ,  994.9, ,  999.2, ,  999.0, ,  997.7, , 1000.5, ,  993.3, ,  995.0, ,  999.8, ,  995.2, ,  991.5, ,  991.8, ,  998.6, ,  996.3,  
1976,  993.6, ,  991.6, ,  993.7, ,  993.3, ,  998.5, ,  995.4, ,  997.6, , 1000.7, ,  997.7, ,  995.2, ,  986.2, ,  988.7, ,  994.3, ,  995.0, ,  995.2, ,  997.9, ,  993.1,  
1977,  984.4, ,  987.1, ,  990.8, ,  994.3, ,  991.3, , 1000.3, ,  996.8, ,  998.8, ,  997.6, ,  997.2, , 1001.7, ,  992.8, ,  994.4, ,  986.8, ,  992.2, ,  998.6, ,  998.8,  
1978,  996.6, ,  985.6, ,  990.0, ,  989.2, ,  999.8, , 1001.6, ,  998.2, ,  999.5, ,  994.9, ,  999.8, ,  998.1, ,  984.9, ,  994.9, ,  991.7, ,  993.0, ,  999.8, ,  997.6,  
1979,  993.6, ,  983.1, , 1002.4, ,  998.4, ,  998.8, , 1002.0, ,  999.8, ,  998.1, ,  997.3, ,  995.7, ,  998.8, ,  992.0, ,  996.7, ,  987.2, ,  999.9, , 1000.0, ,  997.2,  
1980,  988.7, ,  986.4, ,  994.3, , 1001.3, ,  992.2, ,  995.6, ,  997.1, ,  995.2, ,  998.1, ,  994.7, ,  987.6, ,  994.5, ,  993.8, ,  989.0, ,  995.9, ,  996.0, ,  993.5,  
1981,  990.6, , 1005.8, ,  982.9, ,  993.6, , 1001.0, ,  994.8, ,  996.5, ,  998.7, ,  997.4, ,  999.4, ,  991.4, ,  990.7, ,  995.2, ,  996.9, ,  992.5, ,  996.7, ,  996.1,  
1982,  987.2, ,  989.9, ,  995.5, ,  993.8, ,  999.1, , 1000.5, ,  997.2, ,  999.2, , 1000.5, ,  996.1, , 1000.1, ,  999.0, ,  996.5, ,  989.3, ,  996.1, ,  999.0, ,  998.9,  
1983,  996.6, ,  993.0, ,  994.4, , 1004.3, , 1001.8, ,  997.1, ,  996.7, ,  998.6, ,  998.2, , 1001.2, ,  992.3, ,  995.4, ,  997.5, ,  996.2, , 1000.2, ,  997.5, ,  997.2,  
1984, 1000.1, ,  995.5, ,  996.2, ,  997.1, ,  998.8, ,  996.7, ,  998.6, ,  998.6, ,  997.0, ,  999.2, ,  993.4, ,  996.6, ,  997.3, ,  997.0, ,  997.3, ,  998.0, ,  996.5,  
1985,  976.7, ,  992.2, ,  989.3, ,  991.2, ,  994.1, ,  998.2, ,  997.6, ,  999.1, ,  998.5, ,  994.6, ,  996.3, ,  988.9, ,  993.1, ,  988.5, ,  991.5, ,  998.3, ,  996.5,  
1986,  994.9, ,  985.4, ,  995.0, , 1001.9, ,  998.6, ,  994.8, ,  995.7, , 1000.1, ,  998.1, ,  995.4, ,  997.2, ,  994.8, ,  996.0, ,  989.7, ,  998.5, ,  996.9, ,  996.9,  
1987,  987.1, ,  980.3, ,  996.2, , 1002.9, , 1000.5, ,  996.8, ,  998.2, ,  997.4, ,  997.4, , 1002.9, ,  996.7, ,  983.7, ,  995.0, ,  987.4, ,  999.9, ,  997.5, ,  999.0,  
1988,  996.8, ,  997.7, ,  989.6, ,  994.8, ,  999.9, ,  994.7, , 1000.7, ,  997.9, ,  996.5, , 1001.5, ,  989.0, ,  991.8, ,  995.9, ,  992.7, ,  994.8, ,  997.8, ,  995.6,  
1989,  991.6, ,  998.1, ,  998.1, ,  996.1, , 1003.0, ,  998.8, ,  998.0, ,  995.9, , 1000.2, ,  998.5, ,  993.4, ,  980.5, ,  996.0, ,  993.9, ,  999.0, ,  997.5, ,  997.4,  
1990,  991.5, ,  991.3, , 1000.0, , 1000.9, ,  996.2, ,  997.7, ,  997.1, , 1001.5, , 1001.0, ,  997.5, ,  988.9, ,  998.2, ,  996.8, ,  987.8, ,  999.0, ,  998.8, ,  995.8,  
1991,  992.8, ,  991.6, ,  989.8, ,  997.7, ,  995.8, ,  991.3, ,  994.8, ,  997.2, ,  998.0, , 1004.4, ,  997.3, ,  993.2, ,  995.3, ,  994.2, ,  994.4, ,  994.4, ,  999.9,  
1992,  990.6, ,  989.9, ,  992.3, ,  994.9, , 1002.2, ,  996.0, ,  994.5, , 1000.1, , 1001.1, ,  996.4, ,  998.1, ,  995.7, ,  996.0, ,  991.2, ,  996.4, ,  996.8, ,  998.5,  
1993,  995.7, ,  996.6, ,  997.1, , 1001.5, ,  997.6, ,  994.5, ,  995.6, ,  999.7, ,  999.3, ,  999.7, ,  998.1, ,  996.0, ,  997.6, ,  996.0, ,  998.7, ,  996.6, ,  999.0,  
1994,  995.4, ,  992.1, ,  993.4, ,  997.7, ,  996.3, ,  998.0, ,  999.8, ,  998.0, ,  997.1, ,  992.9, ,  989.5, ,  995.2, ,  995.5, ,  994.5, ,  995.8, ,  998.6, ,  993.2,  
1995,  993.2, ,  991.0, ,  997.8, ,  990.0, ,  995.4, ,  996.3, ,  996.8, ,  995.3, ,  999.8, , 1000.1, ,  999.9, ,  983.8, ,  995.0, ,  993.1, ,  994.4, ,  996.1, ,  999.9,  
1996,  995.5, ,  994.5, ,  994.1, ,  995.9, ,  998.0, ,  997.8, ,  999.3, , 1000.8, ,  995.7, ,  995.7, ,  998.9, , 1000.5, ,  997.2, ,  991.3, ,  996.0, ,  999.3, ,  996.8,  
1997,  988.9, ,  995.1, ,  990.7, ,  984.3, ,  995.3, ,  996.2, ,  995.2, ,  998.5, ,  996.2, ,  993.8, ,  991.2, ,  983.6, ,  992.4, ,  994.9, ,  990.1, ,  996.6, ,  993.8,  
1998,  996.2, ,  996.2, ,  998.2, ,  993.0, ,  997.4, ,  996.8, ,  997.8, ,  999.0, ,  993.2, ,  996.2, ,  993.3, ,  990.7, ,  995.7, ,  992.0, ,  996.2, ,  997.9, ,  994.2,  
1999,  997.8, ,  994.6, ,  997.7, ,  988.2, , 1000.4, , 1000.0, ,  995.5, ,  996.2, , 1000.6, ,  997.1, ,  997.7, ,  993.4, ,  996.6, ,  994.4, ,  995.4, ,  997.2, ,  998.5,  
2000,  993.1, ,  995.6, ,  996.5, ,  999.5, ,  997.3, ,  996.9, , 1000.8, ,  999.4, ,  997.1, ,  997.6, ,  993.4, ,  987.4, ,  996.2, ,  994.0, ,  997.8, ,  999.0, ,  996.0,  
2001,  988.8, ,  992.4, ,  990.3, ,  994.6, ,  998.8, ,  997.1, ,  997.3, ,  996.8, ,  998.6, ,  998.0, , 1000.4, ,  989.4, ,  995.2, ,  989.5, ,  994.6, ,  997.1, ,  999.0,  
2002,  986.2, ,  993.6, ,  999.8, ,  997.3, ,  996.1, ,  996.8, ,  998.0, ,  999.5, ,  997.5, ,  995.7, ,  990.6, ,  984.3, ,  994.6, ,  989.8, ,  997.7, ,  998.1, ,  994.6,  
2003,  986.9, ,  988.1, ,  994.2, ,  999.2, ,  999.1, ,  995.3, ,  998.3, ,  999.0, , 1002.9, ,  999.2, ,  995.8, ,  993.4, ,  995.9, ,  986.4, ,  997.5, ,  997.5, ,  999.3,  
2004,  977.6, ,  988.0, ,  998.0, ,  997.1, ,  998.3, ,  994.4, , 1000.8, ,  999.2, ,  996.9, , 1000.3, ,  996.1, ,  996.6, ,  995.3, ,  986.3, ,  997.8, ,  998.1, ,  997.7,  
2005,  995.1, ,  998.4, ,  987.0, ,  999.3, , 1000.9, ,  997.1, ,  998.1, ,  999.0, ,  997.4, ,  996.6, , 1000.8, ,  991.5, ,  996.8, ,  996.7, ,  995.7, ,  998.1, ,  998.3,  
2006,  990.7, ,  988.8, ,  985.5, ,  997.9, ,  999.7, , 1001.3, ,  997.9, ,  996.3, ,  997.0, ,  993.2, , 1002.7, ,  991.1, ,  995.2, ,  990.3, ,  994.3, ,  998.5, ,  997.6,  
2007,-9999.9,M,-9999.9,M,-9999.9,M,-9999.9,M,-9999.9,M,-9999.9,M,-9999.9,M,-9999.9,M,-9999.9,M,-9999.9,M,-9999.9,M,-9999.9,M,-9999.9,M,-9999.9,M,-9999.9,M,-9999.9,M,-9999.9,M 
2008,  995.1, ,  994.0, ,  993.5, , 1000.2, ,  992.4, ,  997.3, ,  999.5, ,  996.9, , 1001.9, ,  999.0, , 1000.5, ,  996.2, ,  997.2, ,  994.6, ,  995.4, ,  997.9, , 1000.5,  
2009,  986.4, ,  988.8, ,  997.4, ,  997.8, ,  999.5, ,  999.3, , 1000.0, ,  996.8, ,  998.0, ,  992.4, ,  996.8, ,  988.3, ,  995.1, ,  990.5, ,  998.2, ,  998.7, ,  995.7,  
2010,  984.7, ,  980.1, ,  993.0, ,  992.1, ,  988.4, ,  993.3, ,  996.3, ,  998.7, ,  995.2, ,  990.6, ,  997.0, ,  988.8, ,  991.5, ,  984.3, ,  991.2, ,  996.1, ,  994.3,  
2011,  986.3, ,  985.6, ,  996.5, ,  995.8, , 1005.8, ,  998.1, ,  994.5, ,  998.0, ,  997.3, ,  993.6, ,  997.6, ,  999.2, ,  995.7, ,  986.9, ,  999.3, ,  996.9, ,  996.2,  
2012,  993.2, ,  990.3, ,  993.8, ,  995.8, , 1001.4, ,  998.4, ,  995.7, ,  999.2, , 1002.9, ,  996.8, ,  997.8, ,  993.5, ,  996.6, ,  994.2, ,  997.0, ,  997.8, ,  999.2,  
2013,  987.5, ,  989.8, ,  990.2, , 1002.1, , 1004.7, ,  996.9, ,  999.3, ,  997.9, ,  998.0, ,  995.2, ,  996.1, ,  994.9, ,  996.1, ,  990.3, ,  999.0, ,  998.0, ,  996.4,  
2014,  993.1, ,  992.9, ,  994.6, ,  998.5, ,  998.8, ,  998.2, ,  999.9, ,  998.9, , 1000.1, ,  997.4, ,  994.4, , 1002.2, ,  997.4, ,  993.6, ,  997.3, ,  999.0, ,  997.3,  
