7051200,CAUSAPSCAL     ,QC, station not joined, Monthly mean of homogenized daily minimum temperature                  , Deg Celcius,          Updated to December 2017
7051200,CAUSAPSCAL     ,QC, station non jointe, Moyenne mensuelle des temperatures quotidiennes minimales homogeneisees, Deg Celsius, Mise a jour jusqu a decembre 2017
 Year,     Jan, ,     Feb, ,     Mar, ,     Apr, ,     May, ,     Jun, ,     Jul, ,     Aug, ,     Sep, ,     Oct, ,     Nov, ,     Dec, ,  Annual, ,  Winter, ,  Spring, ,  Summer, ,  Autumn
Annee,    Janv, ,     Fev, ,    Mars, ,     Avr, ,     Mai, ,    Juin, ,    Juil, ,    Aout, ,    Sept, ,     Oct, ,     Nov, ,     Dec, ,  Annuel, ,   Hiver, ,Printemp, ,     Ete, , Automne
 1913, -9999.9,M, -9999.9,M, -9999.9,M, -9999.9,M, -9999.9,M, -9999.9,M, -9999.9,M, -9999.9,M, -9999.9,M, -9999.9,M,    -3.5, ,   -12.6, , -9999.9,M, -9999.9,M, -9999.9,M, -9999.9,M, -9999.9,M
 1914,   -24.2, ,   -26.6, ,   -10.1, ,    -9.2, ,     1.1, ,     4.2, ,     8.7, ,     7.0, ,     4.2, , -9999.9,M,    -9.0, ,   -16.4, , -9999.9,M,   -21.1, ,    -6.1, ,     6.6, , -9999.9,M
 1915,   -19.5, ,   -16.5, ,   -12.3, ,    -3.4, ,     0.6, ,     5.4, ,     8.7, ,     8.0, ,     4.9, ,     0.1, ,    -5.3, ,    -8.4, ,    -3.1, ,   -17.5, ,    -5.0, ,     7.4, ,    -0.1, 
 1916,   -19.4, ,   -21.1, , -9999.9,M, -9999.9,M, -9999.9,M, -9999.9,M, -9999.9,M, -9999.9,M, -9999.9,M, -9999.9,M, -9999.9,M, -9999.9,M, -9999.9,M,   -16.3, , -9999.9,M, -9999.9,M, -9999.9,M
 1917, -9999.9,M, -9999.9,M, -9999.9,M, -9999.9,M, -9999.9,M, -9999.9,M, -9999.9,M, -9999.9,M, -9999.9,M, -9999.9,M, -9999.9,M, -9999.9,M, -9999.9,M, -9999.9,M, -9999.9,M, -9999.9,M, -9999.9,M
 1918, -9999.9,M, -9999.9,M, -9999.9,M, -9999.9,M, -9999.9,M, -9999.9,M, -9999.9,M, -9999.9,M,     4.0, ,    -0.6, , -9999.9,M, -9999.9,M, -9999.9,M, -9999.9,M, -9999.9,M, -9999.9,M, -9999.9,M
 1919, -9999.9,M, -9999.9,M, -9999.9,M, -9999.9,M, -9999.9,M, -9999.9,M,    10.2, ,    10.1, ,     5.3, ,    -2.4, ,    -6.0, ,   -20.2, , -9999.9,M, -9999.9,M, -9999.9,M, -9999.9,M,    -1.0, 
 1920,   -25.5, , -9999.9,M, -9999.9,M, -9999.9,M, -9999.9,M, -9999.9,M, -9999.9,M, -9999.9,M, -9999.9,M, -9999.9,M, -9999.9,M,   -10.6, , -9999.9,M, -9999.9,M, -9999.9,M, -9999.9,M, -9999.9,M
 1921,   -15.9, ,   -22.3, ,   -11.4, ,    -6.3, ,     1.2, ,     5.9, ,    11.9, ,     5.6, ,     3.8, ,    -1.1, ,   -10.0, ,   -16.3, ,    -4.6, ,   -16.3, ,    -5.5, ,     7.8, ,    -2.4, 
 1922,   -23.3, ,   -24.8, ,   -13.3, ,    -3.3, ,     2.6, ,     8.6, ,     9.3, ,     7.9, ,     3.5, ,    -3.1, ,    -7.1, ,   -21.1, ,    -5.3, ,   -21.5, ,    -4.7, ,     8.6, ,    -2.2, 
 1923,   -25.3, ,   -28.5, ,   -20.5, ,    -8.7, ,     0.7, ,     4.4, ,     9.0, ,     7.0, ,     3.2, ,    -0.7, ,    -5.1, ,    -8.1, ,    -6.1, ,   -25.0, ,    -9.5, ,     6.8, ,    -0.9, 
 1924,   -22.4, ,   -24.7, ,    -8.2, ,    -4.6, ,     1.7, ,     7.3, ,     9.3, ,     8.3, ,     4.1, ,    -2.7, ,    -5.6, ,   -18.1, ,    -4.6, ,   -18.4, ,    -3.7, ,     8.3, ,    -1.4, 
 1925,   -27.1, ,   -17.2, ,   -11.8, ,    -5.6, ,     1.1, ,     9.2, ,    11.7, ,    10.8, ,     3.1, ,    -3.2, ,    -5.4, ,   -15.1, ,    -4.1, ,   -20.8, ,    -5.4, ,    10.6, ,    -1.8, 
 1926,   -21.1, ,   -20.5, ,   -17.4, ,    -7.0, , -9999.9,M, -9999.9,M,     8.6, ,     8.5, ,     2.3, ,     0.9, ,    -7.2, ,   -16.4, , -9999.9,M,   -18.9, , -9999.9,M, -9999.9,M,    -1.3, 
 1927,   -19.0, ,   -19.5, ,   -13.0, ,    -4.7, ,     1.4, ,     6.0, ,    12.6, ,     8.0, ,     4.9, ,     2.4, ,    -5.0, ,   -12.9, ,    -3.2, ,   -18.3, ,    -5.4, ,     8.9, ,     0.8, 
 1928,   -22.1, ,   -22.3, ,   -12.3, ,    -5.0, ,     4.1, ,     6.2, ,    10.4, ,    11.4, ,     2.0, ,    -1.2, ,    -9.6, ,   -12.1, ,    -4.2, ,   -19.1, ,    -4.4, ,     9.3, ,    -2.9, 
 1929,   -20.2, ,   -21.5, ,   -13.2, ,    -7.0, ,     1.3, ,     8.1, ,    10.3, ,     8.7, ,     3.6, ,     0.4, ,    -8.5, ,   -18.6, ,    -4.7, ,   -17.9, ,    -6.3, ,     9.0, ,    -1.5, 
 1930,   -24.1, ,   -21.9, ,   -11.1, ,    -5.0, ,     1.2, ,    11.0, ,     9.7, ,     9.7, ,     5.1, ,     0.1, ,    -6.0, ,   -14.8, ,    -3.8, ,   -21.5, ,    -5.0, ,    10.1, ,    -0.3, 
 1931,   -21.7, ,   -19.1, ,    -5.1, ,    -2.4, ,     4.0, ,     9.2, ,    14.2, ,     9.8, ,     4.8, ,     1.2, ,    -3.2, ,   -12.9, ,    -1.8, ,   -18.5, ,    -1.2, ,    11.1, ,     0.9, 
 1932,   -19.0, ,   -21.9, ,   -11.9, ,    -3.0, ,     1.8, ,     5.6, ,    11.0, ,    10.7, ,     5.9, ,     1.1, ,    -8.9, ,   -16.5, ,    -3.8, ,   -17.9, ,    -4.4, ,     9.1, ,    -0.6, 
 1933,   -17.7, ,   -17.0, ,   -15.9, ,    -3.0, ,     1.1, ,     6.9, ,     9.0, ,     9.0, ,     4.7, ,    -0.6, ,   -14.7, ,   -23.8, ,    -5.2, ,   -17.1, ,    -5.9, ,     8.3, ,    -3.5, 
 1934,   -24.5, ,   -26.0, ,   -16.3, ,    -2.5, ,     1.4, ,     7.7, ,    10.1, ,     8.7, ,     8.2, ,    -1.0, ,    -5.7, ,   -17.5, ,    -4.8, ,   -24.8, ,    -5.8, ,     8.8, ,     0.5, 
 1935,   -24.2, ,   -25.1, ,   -16.1, ,    -4.2, ,     1.6, ,    10.9, ,    11.0, ,     9.2, ,     3.1, ,    -1.3, ,    -7.6, ,   -12.3, ,    -4.6, ,   -22.3, ,    -6.2, ,    10.4, ,    -1.9, 
 1936,   -18.4, ,   -21.2, ,    -8.6, ,    -2.1, ,     1.7, ,     8.5, ,     8.8, ,     7.6, ,     3.8, ,    -1.4, ,   -10.6, ,   -16.5, ,    -4.0, ,   -17.3, ,    -3.0, ,     8.3, ,    -2.7, 
 1937,   -22.3, ,   -17.5, ,   -13.3, ,    -2.9, ,     4.5, ,     9.1, ,    13.0, ,    12.6, ,     4.7, ,    -0.2, ,    -5.7, ,   -16.4, ,    -2.9, ,   -18.8, ,    -3.9, ,    11.6, ,    -0.4, 
 1938,   -22.7, ,   -20.6, ,   -14.1, ,    -4.2, ,     2.4, ,     9.1, ,    11.9, ,     9.0, ,     6.0, ,    -0.3, ,    -7.0, ,   -12.7, ,    -3.6, ,   -19.9, ,    -5.3, ,    10.0, ,    -0.4, 
 1939,   -19.7, ,   -24.0, ,   -21.1, ,    -5.6, ,     0.7, ,     6.1, ,    12.9, ,    12.7, ,     4.8, ,    -1.1, ,    -7.0, ,   -11.5, ,    -4.4, ,   -18.8, ,    -8.7, ,    10.6, ,    -1.1, 
 1940,   -19.3, ,   -20.1, ,   -11.8, ,    -3.9, ,     4.1, ,     7.6, ,    12.6, ,     9.5, ,     6.1, ,    -2.6, ,    -4.2, ,   -19.1, ,    -3.4, ,   -17.0, ,    -3.9, ,     9.9, ,    -0.2, 
 1941,   -22.1, ,   -14.5, ,   -12.9, ,    -4.3, ,     1.5, ,     6.1, ,    10.0, ,     8.2, ,     3.3, ,    -1.6, ,    -6.5, ,   -12.0, ,    -3.7, ,   -18.6, ,    -5.2, ,     8.1, ,    -1.6, 
 1942,   -23.9, ,   -17.2, ,    -9.9, ,    -4.6, ,     3.8, ,     8.9, ,     9.3, ,    10.0, ,     3.6, ,    -0.8, ,    -7.2, ,   -23.0, ,    -4.3, ,   -17.7, ,    -3.6, ,     9.4, ,    -1.5, 
 1943, -9999.9,M,   -11.9, ,   -10.3, ,    -5.9, ,    -1.5, ,     6.6, ,    10.8, ,    10.2, ,     3.5, ,     0.8, ,    -7.3, ,   -17.1, , -9999.9,M, -9999.9,M,    -5.9, ,     9.2, ,    -1.0, 
 1944,   -17.0, ,   -25.7, ,   -15.8, ,    -6.6, , -9999.9,M, -9999.9,M, -9999.9,M,    14.7, ,     6.7, , -9999.9,M, -9999.9,M,   -13.2, , -9999.9,M,   -19.9, , -9999.9,M, -9999.9,M, -9999.9,M
 1945,   -19.8, ,   -18.6, ,   -10.5, ,    -2.8, , -9999.9,M,     8.0, ,    10.3, ,     9.5, ,     6.8, ,    -0.2, ,    -5.4, ,   -13.2, , -9999.9,M,   -17.2, , -9999.9,M,     9.3, ,     0.4, 
 1946,   -17.7, ,   -20.9, ,   -10.6, , -9999.9,M,     1.7, ,     7.1, ,     8.7, ,     9.5, ,     6.1, ,     1.1, ,    -5.4, ,   -16.8, , -9999.9,M,   -17.3, , -9999.9,M,     8.4, ,     0.6, 
 1947,   -20.2, ,   -14.6, ,   -11.9, ,   -10.0, ,     0.2, ,     6.3, ,    13.4, ,     8.0, ,     2.2, ,     0.6, , -9999.9,M, -9999.9,M, -9999.9,M,   -17.2, ,    -7.2, ,     9.2, , -9999.9,M
 1948,   -21.4, ,   -26.9, ,   -19.5, ,    -4.9, ,     2.9, ,     5.4, ,    11.2, ,    10.4, ,     5.0, ,    -1.0, ,    -1.7, ,   -12.3, ,    -4.4, , -9999.9,M,    -7.2, ,     9.0, ,     0.8, 
 1949,   -17.7, ,   -23.1, ,   -13.1, ,    -1.8, ,     1.6, ,    10.2, ,    11.9, ,     9.0, ,     5.9, ,    -0.3, ,    -7.7, ,   -11.6, ,    -3.1, ,   -17.7, ,    -4.4, ,    10.4, ,    -0.7, 
 1950,   -21.6, ,   -23.4, ,   -15.5, ,    -3.8, ,     1.8, ,     8.1, ,    11.3, ,     7.2, ,     1.8, ,    -0.2, ,    -3.3, ,    -9.8, ,    -4.0, ,   -18.9, ,    -5.8, ,     8.9, ,    -0.6, 
 1951,   -17.6, ,   -18.4, ,   -14.1, ,     0.5, ,     3.1, ,     6.9, , -9999.9,M,     9.3, ,     5.5, ,     0.7, ,    -7.1, ,   -17.7, , -9999.9,M,   -15.3, ,    -3.5, , -9999.9,M,    -0.3, 
 1952,   -21.4, ,   -16.5, ,    -8.5, ,    -3.6, ,     3.0, ,     7.8, ,    11.9, ,     9.2, ,     4.7, ,    -1.1, ,    -6.4, ,   -12.2, ,    -2.8, ,   -18.5, ,    -3.0, ,     9.6, ,    -0.9, 
 1953,   -18.2, ,   -17.1, ,   -10.1, ,    -0.8, ,     1.9, ,     6.7, ,     9.7, ,     7.4, ,     6.9, ,    -0.6, ,    -2.5, ,   -11.5, ,    -2.4, ,   -15.8, ,    -3.0, ,     7.9, ,     1.3, 
 1954,   -22.3, ,   -14.5, ,   -11.7, ,    -5.7, ,     2.7, ,     6.9, ,    10.5, ,     8.0, ,     4.1, ,     0.2, ,    -4.1, ,   -13.8, ,    -3.3, ,   -16.1, ,    -4.9, ,     8.5, ,     0.1, 
 1955,   -15.2, ,   -18.5, ,   -13.9, ,    -4.4, ,     2.0, ,     7.1, ,    10.0, ,     9.4, ,     3.8, ,    -0.2, ,    -3.5, ,   -16.4, ,    -3.3, ,   -15.8, ,    -5.4, ,     8.8, ,     0.0, 
 1956,    -9.9, ,   -19.5, ,   -17.9, ,    -3.8, ,    -0.9, , -9999.9,M,     8.7, ,     7.0, ,     3.0, ,    -0.8, ,    -9.3, ,   -19.2, , -9999.9,M,   -15.3, ,    -7.5, , -9999.9,M,    -2.4, 
 1957,   -28.0, ,   -17.8, ,   -11.2, ,    -6.3, ,    -1.1, ,     6.4, ,     9.5, ,     6.8, ,     4.2, ,     0.1, ,    -3.1, ,   -14.0, ,    -4.5, ,   -21.7, ,    -6.2, ,     7.6, ,     0.4, 
 1958,   -13.6, ,   -17.2, ,    -6.9, ,    -3.2, ,     0.4, ,     3.9, ,     8.7, ,     8.8, ,     4.1, ,    -0.2, ,    -7.2, ,   -21.7, ,    -3.7, ,   -14.9, ,    -3.2, ,     7.1, ,    -1.1, 
 1959,   -19.8, ,   -25.7, ,   -18.4, ,    -3.2, ,     2.6, ,     7.2, ,    12.1, ,    10.2, ,     5.9, ,     0.2, ,    -7.1, ,   -14.7, ,    -4.2, ,   -22.4, ,    -6.3, ,     9.8, ,    -0.3, 
 1960,   -18.8, ,   -12.0, ,   -13.3, ,    -5.4, ,     4.7, ,     8.2, ,     9.5, ,     8.4, ,     4.1, ,    -0.3, ,    -5.9, ,   -15.5, ,    -3.0, ,   -15.2, ,    -4.7, ,     8.7, ,    -0.7, 
 1961,   -24.6, ,   -21.6, ,   -15.5, ,    -3.1, ,     1.9, ,     6.6, ,     9.9, ,     9.2, ,     7.6, ,     2.1, ,    -3.8, ,   -10.1, ,    -3.5, ,   -20.6, ,    -5.6, ,     8.6, ,     2.0, 
 1962,   -22.3, ,   -25.9, ,    -9.2, ,    -3.7, ,     1.3, ,     6.5, ,     8.7, , -9999.9,M,     5.1, ,    -0.2, ,    -6.2, ,   -13.4, , -9999.9,M,   -19.4, ,    -3.9, , -9999.9,M,    -0.4, 
 1963,   -17.9, ,   -22.2, ,   -16.5, ,    -4.2, ,     0.4, ,     7.2, ,    12.6, ,     8.3, ,     2.5, ,     1.1, ,    -2.3, ,   -17.6, ,    -4.1, ,   -17.8, ,    -6.8, ,     9.4, ,     0.4, 
 1964,   -18.7, ,   -16.4, ,   -12.9, ,    -5.8, ,     2.0, ,     6.3, ,    11.1, ,     8.0, ,     4.2, ,    -0.6, ,    -7.5, ,   -14.4, ,    -3.7, ,   -17.6, ,    -5.6, ,     8.5, ,    -1.3, 
 1965,   -19.6, ,   -18.8, ,   -10.0, ,    -4.6, ,     1.6, ,     6.7, ,     8.1, ,     8.5, ,     4.4, ,    -0.4, ,    -8.2, ,   -15.1, ,    -4.0, ,   -17.6, ,    -4.3, ,     7.8, ,    -1.4, 
 1966,   -13.6, ,   -16.6, ,    -8.2, ,    -3.1, ,     0.5, ,     7.4, ,     9.7, ,     9.2, ,     3.1, ,     0.7, ,    -3.5, ,   -10.2, ,    -2.1, ,   -15.1, ,    -3.6, ,     8.8, ,     0.1, 
 1967,   -16.3, ,   -21.5, ,   -18.3, ,    -6.4, ,     0.1, ,     7.3, ,    12.0, ,    10.5, ,     6.2, ,     1.7, ,    -5.0, ,   -13.1, ,    -3.6, ,   -16.0, ,    -8.2, ,     9.9, ,     1.0, 
 1968,   -20.9, ,   -20.2, ,   -12.2, ,    -2.4, ,     0.6, ,     6.9, ,     9.8, ,     6.6, ,     7.0, ,     3.5, ,    -5.7, ,   -11.0, ,    -3.2, ,   -18.1, ,    -4.7, ,     7.8, ,     1.6, 
 1969,   -14.1, ,   -14.9, ,    -9.9, ,    -6.1, ,     0.4, ,     8.3, ,     9.8, ,    10.0, ,     4.5, ,     0.0, ,    -1.6, ,   -10.0, ,    -2.0, ,   -13.3, ,    -5.2, ,     9.4, ,     1.0, 
 1970,   -22.0, ,   -17.8, ,   -10.8, ,    -4.9, ,     2.0, ,     7.8, ,    12.1, ,    11.3, ,     5.0, ,     1.5, , -9999.9,M,   -16.9, , -9999.9,M,   -16.6, ,    -4.6, ,    10.4, , -9999.9,M
 1971,   -20.8, ,   -19.1, ,   -10.4, ,    -3.8, ,     2.3, ,     6.3, ,    10.7, ,     9.1, ,     6.4, ,     1.6, ,    -6.4, ,   -17.2,E,    -3.4,E,   -18.9, ,    -4.0, ,     8.7, ,     0.5, 
 1972,   -23.1, ,   -21.9, ,   -15.3, ,    -6.7, ,     0.8, ,     9.2, ,     9.7, ,     8.5, ,     5.8, ,    -1.2, ,    -7.6, ,   -20.5, ,    -5.2, ,   -20.7,E,    -7.1, ,     9.1, ,    -1.0, 
 1973,   -18.2, ,   -18.1, ,    -9.8, ,    -3.3, ,     2.6, ,    10.4, ,    13.5, ,    12.3, ,     5.6, ,     0.0, ,    -5.7, ,   -11.0, ,    -1.8, ,   -18.9, ,    -3.5, ,    12.1, ,     0.0, 
 1974,   -22.2, ,   -20.0, ,   -13.3, , -9999.9,M,    -0.3, ,     7.4, ,    11.0, ,     9.4, ,     3.9, ,    -2.1, ,    -5.0, ,   -13.4, , -9999.9,M,   -17.7, , -9999.9,M,     9.3, ,    -1.1, 
 1975,   -19.6, ,   -20.3, ,   -12.6, ,    -4.7, ,     1.6, ,     8.6, ,    14.0, ,     9.0, ,     5.4, ,     0.2, ,    -4.4, ,   -17.6, ,    -3.4, ,   -17.8, ,    -5.2, ,    10.5, ,     0.4, 
 1976,   -22.0, ,   -18.7, ,   -13.7, ,    -3.4, ,     3.2, ,     8.1, ,    11.2, ,    10.6, ,     4.6, ,    -0.4, ,    -6.9, ,   -20.2, ,    -4.0, ,   -19.4, ,    -4.6, ,    10.0, ,    -0.9, 
 1977,   -20.8, ,   -16.3, ,    -7.4, ,    -5.6, ,     2.3, ,     9.0, ,     9.7, ,     9.4, ,     4.1, ,     1.1, ,    -4.2, ,   -13.2, ,    -2.7, ,   -19.1, ,    -3.6, ,     9.4, ,     0.3, 
 1978,   -18.9, ,   -17.0, ,   -15.3, ,    -4.9, ,     2.7, ,     8.9, ,    10.8, ,     8.7, ,     1.8, ,    -0.4, ,    -8.2, ,   -14.8, ,    -3.9, ,   -16.4, ,    -5.8, ,     9.5, ,    -2.3, 
 1979,   -16.1, ,   -16.7, ,    -6.7, ,    -1.6, ,     5.5, ,     9.3, ,    11.4, ,    10.0, ,     3.7, ,     2.4, ,    -3.2, ,   -12.5, ,    -1.2, ,   -15.9, ,    -0.9, ,    10.2, ,     1.0, 
 1980,   -17.3, ,   -20.3, ,   -11.6, ,    -2.0, ,     1.4, ,     7.4, ,    11.2, ,    11.6,E,     4.6,E,    -0.7, ,    -4.9, ,   -18.8, ,    -3.3,E,   -16.7, ,    -4.1, ,    10.1,E,    -0.3,E
 1981,   -20.6, ,   -10.7, ,    -6.9, ,    -3.2,E,     3.3, ,     7.8,E,    10.8,E,     8.9, ,     5.8,E,    -0.2, ,    -2.9, ,    -8.7, ,    -1.4,E,   -16.7, ,    -2.3,E,     9.2,E,     0.9,E
 1982,   -21.8, ,   -19.7, ,   -12.6, ,    -5.7, ,     1.4, ,     6.9, ,    10.7, , -9999.9,M,     5.2,E,    -0.2, ,    -5.2, ,   -13.0, , -9999.9,M,   -16.7, ,    -5.6, , -9999.9,M,    -0.1,E
 1983,   -16.2, ,   -18.1, ,    -8.5, ,    -1.2, ,     2.5,E, -9999.9,M,    10.4, ,    10.2, , -9999.9,M,     0.3,E,    -4.5, ,   -15.0, , -9999.9,M,   -15.8, ,    -2.4,E, -9999.9,M, -9999.9,M
 1984, -9999.9,M, -9999.9,M,   -13.3, ,    -3.5, ,     2.0,E,     7.5, ,    11.5,E,    11.4,E,     4.4,E,    -1.3, ,    -4.3, ,   -14.1, , -9999.9,M, -9999.9,M,    -4.9,E,    10.1,E,    -0.4,E
 1985,   -20.0,E,   -16.6,E,   -13.2, ,    -6.4, ,     0.0,E,     6.6,E,     9.9, ,     8.7,E,     5.7, ,     0.2, ,    -7.3, ,   -18.2, ,    -4.2,E,   -16.9,E,    -6.5,E,     8.4,E,    -0.5, 
 1986,   -18.5,E,   -17.9, ,   -13.8, ,    -2.2, ,     1.1,E,     3.9, ,    10.0, ,     9.3,E,     2.1,E,    -1.2, ,    -9.9,E,   -15.7, ,    -4.4,E,   -18.2,E,    -5.0,E,     7.7,E,    -3.0,E
 1987,   -20.0, ,   -18.3, ,   -10.1, ,    -1.5,E,     1.6, ,     6.8,E,    11.9, ,     8.7,E,     6.4, ,     0.7, , -9999.9,M,   -12.9, , -9999.9,M,   -18.0, ,    -3.3,E,     9.1,E, -9999.9,M
 1988,   -18.0, , -9999.9,M, -9999.9,M,    -2.4,E,     3.2, ,     6.7, ,    11.5, , -9999.9,M, -9999.9,M, -9999.9,M,    -3.3, ,   -17.9, , -9999.9,M, -9999.9,M, -9999.9,M, -9999.9,M, -9999.9,M
 1989,   -19.9, ,   -21.8, ,   -15.6, ,    -3.5, ,     5.0,E,     8.0, ,     8.2, ,    10.5, ,     5.4, ,    -0.9, ,    -8.0, ,   -20.7, ,    -4.4,E,   -19.9, ,    -4.7,E,     8.9, ,    -1.2, 
 1990,   -17.6,E,   -21.2, ,   -13.5, ,    -3.3, ,     0.2, ,     8.4, ,     9.9, ,    10.9, ,     4.4,E,     0.8, ,    -5.4, ,   -15.5, ,    -3.5,E,   -19.8,E,    -5.5, ,     9.7, ,    -0.1,E
 1991,   -25.4, ,   -20.6, ,   -11.3, ,    -5.1, ,     1.5, ,     5.9, ,     9.4, ,    10.4, ,     3.3, ,     1.4, ,    -5.2,E,   -18.1, ,    -4.5,E,   -20.5, ,    -5.0, ,     8.6, ,    -0.2,E
 1992,   -20.3, ,   -19.6, ,   -15.3, ,    -4.8, ,     0.7,E,     7.0, ,     7.9, ,     9.9, ,     6.0, ,    -0.6, ,    -8.2, ,   -13.6, ,    -4.2,E,   -19.3, ,    -6.5,E,     8.3, ,    -0.9, 
 1993,   -23.5, ,   -26.1, ,   -15.3, ,    -3.3, ,     2.2, ,     6.8,E,    10.1, ,    10.7, ,     4.4, ,    -2.4, ,    -7.8,E,   -12.0, ,    -4.7,E,   -21.1, ,    -5.5, ,     9.2,E,    -1.9,E
 1994,   -25.7, ,   -23.3,E,   -10.9, ,    -4.7, ,     0.5,E,     8.6,E,    11.6,E,     8.2, ,     4.1, ,     0.5, ,    -4.3, ,   -13.3,E,    -4.1,E,   -20.3,E,    -5.0,E,     9.5,E,     0.1, 
 1995,   -16.8, ,   -23.2, ,   -11.5, ,    -5.3, ,     0.9, ,     7.1, ,    11.5, ,     8.2, , -9999.9,M,     2.3, ,    -7.8, ,   -16.0, , -9999.9,M,   -17.8,E,    -5.3, ,     8.9, , -9999.9,M
 1996,   -20.9,E,   -17.6, ,   -11.7, ,    -2.9, ,     0.4,E,     7.0, ,    10.8, ,     8.6, ,     4.9, ,    -0.7,E,    -6.1, ,    -9.6,E,    -3.2,E,   -18.2,E,    -4.7,E,     8.8, ,    -0.6,E
 1997,   -19.9,E,   -21.0, ,   -15.8, ,    -6.1, ,     1.1, ,     5.2, ,     9.6, , -9999.9,M, -9999.9,M, -9999.9,M, -9999.9,M, -9999.9,M, -9999.9,M,   -16.8,E,    -6.9, , -9999.9,M, -9999.9,M
 1998, -9999.9,M, -9999.9,M, -9999.9,M,    -2.8, ,     4.8, ,     9.1, ,    10.9,E,     8.4, ,     6.4, ,     1.4, ,    -5.4, ,   -15.3, , -9999.9,M, -9999.9,M, -9999.9,M,     9.5,E,     0.8, 
 1999,   -20.8, ,   -15.6, ,    -6.5, ,    -2.9, ,     3.5, ,     8.9, ,    10.9, ,     8.9, ,     8.8, ,    -1.3, ,    -3.5, ,   -12.2,E,    -1.8,E,   -17.2, ,    -2.0, ,     9.6, ,     1.3, 
 2000,   -18.2,E,   -17.8, ,    -8.1, ,    -3.7,E,     1.4, ,     5.6, ,    10.3, ,     9.6, ,     3.8, ,    -0.7, ,    -2.8, ,   -14.9, ,    -3.0,E,   -16.1,E,    -3.5,E,     8.5, ,     0.1, 
 2001,   -20.1, ,   -18.6, ,   -12.4, ,    -4.4, ,     3.0, ,     8.4, ,    11.1,E,    10.6, ,     6.0, ,     0.6, ,    -3.3, ,    -8.1, ,    -2.3,E,   -17.9, ,    -4.6, ,    10.0,E,     1.1, 
 2002,   -16.4, ,   -16.4,E,   -12.4, ,    -3.9,E,     0.9, ,     5.1, ,    11.2, ,     9.9, ,     5.9,E,    -0.4, ,    -7.1, ,   -14.7, ,    -3.2,E,   -13.6,E,    -5.1,E,     8.7, ,    -0.5,E
 2003,   -22.1,E,   -22.0, ,   -13.5,E,    -7.6, ,     0.9,E,     7.7, ,    12.0, ,    10.3,E,     6.1,E,    -0.5, ,    -4.9,E,   -11.1,E,    -3.7,E,   -19.6,E,    -6.7,E,    10.0,E,     0.2,E
 2004,   -20.8,E,   -16.8, ,   -13.0, ,    -2.8,E,     1.4,E,     5.5, ,    11.3, ,    10.2,E,     4.1,E,     0.2, ,    -6.9,E,   -16.5,E,    -3.7,E,   -16.2,E,    -4.8,E,     9.0,E,    -0.9,E
 2005,   -22.5,E,   -17.1, ,   -12.3, ,    -1.9,E,     2.4, ,     8.4,E,    10.4, ,    10.0, ,     7.0,E,     2.8, ,    -3.9, ,   -12.1, ,    -2.4,E,   -18.7,E,    -3.9,E,     9.6,E,     2.0,E
 2006,   -15.5, ,   -18.4, ,    -8.4,E,    -1.9,E,     4.2,E,     9.9, ,    12.3,E,     7.7,E,     3.9, ,     0.9,E,    -2.8, ,    -9.9, ,    -1.5,E,   -15.3, ,    -2.0,E,    10.0,E,     0.7,E
 2007,   -17.2,E,   -18.8,E,   -12.4, ,    -4.9, ,     1.7,E,     7.3,E,    10.8, ,     8.6,E,     5.3,E,     1.6,E,    -6.2,E,   -17.0,E,    -3.4,E,   -15.3,E,    -5.2,E,     8.9,E,     0.2,E
 2008,   -17.1, ,   -18.0, ,   -16.5,E,    -2.4,E,     2.3,E,     8.8,E,    12.3, ,    11.2,E,     5.0,E,     0.0, ,    -3.1,E,   -16.1,E,    -2.8,E,   -17.4,E,    -5.5,E,    10.8,E,     0.6,E
 2009,   -23.8,E,   -13.9,E,   -14.1,E,    -2.8,E,     1.8, ,     8.2,E,    11.6, ,    10.9,E,     4.2,E,    -1.3,E,    -3.2,E,   -10.7,E,    -2.8,E,   -17.9,E,    -5.0,E,    10.2,E,    -0.1,E
 2010,   -12.4,E,    -8.6, ,    -8.9,E,    -1.4, ,     4.2,E,     7.4, ,    13.6,E,     9.9,E,     6.8,E,     1.1,E,    -4.7, ,    -5.4, ,     0.1,E,   -10.6,E,    -2.0,E,    10.3,E,     1.1,E
 2011,   -15.8, ,   -17.7, ,   -13.1, ,    -5.3, ,     2.9, ,     7.6, ,    10.5, ,    11.0, ,     5.3, ,     2.2, ,    -3.7, , -9999.9,M, -9999.9,M,   -13.0, ,    -5.2, ,     9.7, ,     1.3, 
 2012,   -17.1, ,   -16.3, ,   -10.1, ,    -2.7, ,     3.4, ,     8.3, ,    10.3, ,    12.6, ,     5.9, ,     2.2, ,    -5.1, ,    -9.9, ,    -1.5, , -9999.9,M,    -3.1, ,    10.4, ,     1.0, 
 2013,   -17.9, ,   -15.8, ,    -6.6, ,    -4.0, ,     2.7, ,     6.1, ,    10.4, ,     9.7, ,     5.5, ,     0.1, ,    -5.1, ,   -16.7, ,    -2.6, ,   -14.5, ,    -2.6, ,     8.7, ,     0.2, 
 2014,   -19.4, ,   -19.0, ,   -17.7, ,    -4.7, ,     2.2, ,     8.4, ,    13.0, , -9999.9,M,     5.3, ,     2.2, ,    -6.3, ,   -13.2, , -9999.9,M,   -18.4, ,    -6.7, , -9999.9,M,     0.4, 
 2015,   -23.3, ,   -24.9, ,   -15.8, ,    -5.1, ,     2.5, , -9999.9,M, -9999.9,M,    12.9, , -9999.9,M,    -1.2, ,    -2.8, , -9999.9,M, -9999.9,M,   -20.5, ,    -6.1, , -9999.9,M, -9999.9,M
 2016,   -15.2, ,   -17.1, ,   -14.3, ,    -5.5, ,     2.4, , -9999.9,M, -9999.9,M, -9999.9,M,     6.4, ,     1.4, ,    -1.3, ,   -13.6, , -9999.9,M, -9999.9,M,    -5.8, , -9999.9,M,     2.2, 
 2017,   -15.3, ,   -17.0, ,   -13.8, ,    -2.3, ,     4.1, ,     8.7, ,    10.0, ,     9.6, , -9999.9,M, -9999.9,M, -9999.9,M, -9999.9,M, -9999.9,M,   -15.3, ,    -4.0, ,     9.4, , -9999.9,M
