1058190,TLELL                    ,BC,station not joined, Monthly total of daily adjusted snowfall, mm, Updated to December 2017
1058190,TLELL                    ,BC,station pas jointe, Total mensuel des chutes de neige quotidiennes ajustées, mm,  Mise à jour jusqu à décembre 2017
Year,     Jan, ,     Feb, ,     Mar, ,     Apr, ,     May, ,     Jun, ,     Jul, ,     Aug, ,     Sep, ,     Oct, ,     Nov, ,     Dec, ,  Annual, ,  Winter, ,  Spring, ,  Summer, ,  Autumn
An  ,    Janv, ,     Fév, ,    Mars, ,     Avr, ,     Mai, ,    Juin, ,    Juil, ,    Août, ,    Sept, ,     Oct, ,     Nov, ,     Déc, ,  Annuel, ,   Hiver, ,Printemp, ,     Eté, , Automne
1950,    25.9, ,    45.9, ,     0.0, ,     0.0, ,     0.0, ,     0.0, ,     0.0, ,     0.0, ,     0.0, ,     0.0, ,    18.1, ,     0.0, ,    89.8, ,   -10.0, ,     0.0, ,     0.0, ,    18.1, ,
1951,    25.5, ,     8.5, ,    10.8, ,     0.0, ,     0.0, ,     0.0, ,     0.0, ,     0.0, ,     0.0, ,     0.0, ,     0.0, ,     1.3, ,    46.0, ,    33.9, ,    10.8, ,     0.0, ,     0.0, ,
1952,    41.0, ,     1.2, ,    21.9, ,     1.9, ,     0.0, ,     0.0, ,     0.0, ,     0.0, ,     0.0, ,     0.0, ,     0.0, ,     0.1, ,    66.1, ,    43.5, ,    23.8, ,     0.0, ,     0.0, ,
1953,    42.9, ,     0.1, ,     0.9, ,     0.0, ,     0.0, ,     0.0, ,     0.0, ,     0.0, ,     0.0, ,     0.0, ,     0.0, ,     0.1, ,    44.1, ,    43.2, ,     0.9, ,     0.0, ,     0.0, ,
1954,    35.6, ,    36.3, ,     6.1, ,     0.0, ,     0.0, ,     0.0, ,     0.0, ,     0.0, ,     0.0, ,     0.0, ,     0.0, ,     7.6, ,    85.6, ,    72.0, ,     6.1, ,     0.0, ,     0.0, ,
1955,     0.0, ,    16.0, ,     1.3, ,     0.1, ,     0.0, ,     0.0, ,     0.0, ,     0.0, ,     0.0, ,     0.0, ,     6.0, ,    42.3, ,    65.7, ,    23.5, ,     1.5, ,     0.0, ,     6.0, ,
1956,    48.3, ,    34.8, ,     6.6, ,     1.2, ,     0.0, ,     0.0, ,     0.0, ,     0.0, ,     0.0, ,     1.2, ,     6.1, ,     7.0, ,   105.3, ,   125.4, ,     7.8, ,     0.0, ,     7.3, ,
1957,     2.7, ,    24.3, ,     1.9, ,     0.0, ,     0.0, ,     0.0, ,     0.0, ,     0.0, ,     0.0, ,     0.0, ,     0.0, ,    45.0, ,    73.9, ,    34.0, ,     1.9, ,     0.0, ,     0.0, ,
1958,     0.1, ,     0.0, ,     0.1, ,     0.1, ,     0.0, ,     0.0, ,     0.0, ,     0.0, ,     0.0, ,     0.0, ,     1.2, ,     6.3, ,     7.9, ,    45.1, ,     0.2, ,     0.0, ,     1.2, ,
1959,     9.7, ,    11.0, ,     7.5, ,     0.0, , -9999.9,M,     0.0, ,     0.0, ,     0.0, ,     0.0, ,     0.0, ,     1.8, ,     0.3, , -9999.9,M,    27.0, , -9999.9,M,     0.0, ,     1.8, ,
1960,     2.0, ,     0.0, ,    11.6, ,     0.0, ,     0.0, ,     0.0, ,     0.0, ,     0.0, ,     0.0, ,     0.0, ,     1.2, ,     0.0, ,    14.8, ,     2.4, ,    11.6, ,     0.0, ,     1.2, ,
1961,     2.4, ,     0.0, ,     2.4, ,     0.1, ,     0.0, ,     0.0, ,     0.0, ,     0.0, ,     0.0, ,     0.0, ,     0.4, ,     7.6, ,    12.9, ,     2.4, ,     2.5, ,     0.0, ,     0.4, ,
1962,     0.2, ,     0.0, ,     0.2, ,     0.0, ,     0.1, ,     0.0, ,     0.0, ,     0.0, ,     0.0, ,     0.0, ,     2.5, ,     4.9, ,     7.9, ,     7.8, ,     0.3, ,     0.0, ,     2.5, ,
1963,     7.4, ,     0.1, ,     0.1, ,     0.2, ,     0.0, ,     0.0, ,     0.0, ,     0.0, ,     0.0, ,     0.0, ,    28.9, ,     0.0, ,    36.8, ,    12.4, ,     0.3, ,     0.0, ,    28.9, ,
1964,    10.0, ,     0.3, ,     0.4, ,     0.4, ,     0.2, ,     0.0, ,     0.0, ,     0.0, ,     0.0, ,     0.0, ,    21.8, ,    58.7, ,    91.9, ,    10.4, ,     1.1, ,     0.0, ,    21.8, ,
1965,    24.3, ,     3.0, ,     7.3, ,     0.0, ,     0.0, ,     0.0, ,     0.0, ,     0.0, ,     0.0, ,     0.0, ,     0.1, ,    10.2, ,    44.9, ,    86.0, ,     7.3, ,     0.0, ,     0.1, ,
1966,     9.7, ,     5.3, ,    17.2, ,     0.1, ,     0.0, ,     0.0, ,     0.0, ,     0.0, ,     0.0, ,     0.0, ,     0.3, ,     7.3, ,    39.9, ,    25.1, ,    17.3, ,     0.0, ,     0.3, ,
1967,     7.7, ,     0.1, ,     0.2, ,     0.0, ,     0.0, ,     0.0, ,     0.0, ,     0.0, ,     0.0, ,     0.0, ,     3.6, ,    18.4, ,    30.0, ,    15.1, ,     0.2, ,     0.0, ,     3.6, ,
1968,    78.6, ,     3.7, ,     0.2, ,     2.5, ,     0.0, ,     0.0, ,     0.0, ,     0.0, ,     0.0, ,     0.0, ,     0.0, ,    21.1, ,   106.1, ,   100.7, ,     2.7, ,     0.0, ,     0.0, ,
1969,    67.6, ,    19.7, ,     0.1, ,     0.0, ,     0.0, ,     0.0, ,     0.0, ,     0.0, ,     0.0, ,     0.0, ,     0.0, ,     0.0, ,    87.4, ,   108.4, ,     0.1, ,     0.0, ,     0.0, ,
1970,    24.8, ,     0.1, ,     0.0, ,     0.0, ,     0.0, ,     0.0, ,     0.0, ,     0.0, ,     0.0, ,     0.0, ,     4.0, ,    10.4, ,    39.4, ,    24.9, ,     0.0, ,     0.0, ,     4.0, ,
1971,    65.2, ,    16.0, ,    17.3, ,     2.0, ,     0.0, ,     0.0, ,     0.0, ,     0.0, ,     0.0, ,     0.1, ,     0.3, ,    23.6, ,   124.5, ,    91.6, ,    19.3, ,     0.0, ,     0.4, ,
1972,    90.0, ,    63.2, ,    33.4, ,     6.2, ,     0.0, ,     0.0, ,     0.0, ,     0.0, ,     0.0, ,     0.0, ,     0.0, ,     1.8, ,   194.6, ,   176.8, ,    39.6, ,     0.0, ,     0.0, ,
1973,    16.2, ,     3.2, ,     3.1, ,     0.0, ,     0.0, ,     0.0, ,     0.0, ,     0.0, ,     0.0, ,     0.0, ,    12.0, ,     0.0, ,    34.4, ,    21.2, ,     3.1, ,     0.0, ,    12.0, ,
1974,    53.8, ,    11.1, ,    14.2, ,     0.0, ,     0.0, ,     0.0, ,     0.0, ,     0.0, ,     0.0, ,     0.0, ,     0.0, ,     4.7, ,    83.8, ,    64.9, ,    14.2, ,     0.0, ,     0.0, ,
1975,    18.4, ,    12.2, ,    18.6, ,     6.3, ,     0.0, ,     0.0, ,     0.0, ,     0.0, ,     0.0, ,     0.0, ,     3.1, ,    23.0, ,    81.7, ,    35.3, ,    24.9, ,     0.0, ,     3.1, ,
1976,     4.8, ,    20.5, ,     1.4, ,     0.0, ,     0.0, ,     0.0, ,     0.0, ,     0.0, ,     0.0, ,     0.0, ,     0.0, ,     0.0, ,    26.7, ,    48.3, ,     1.4, ,     0.0, ,     0.0, ,
1977,     0.0, ,     0.0, ,     0.5, ,     0.0, ,     0.0, ,     0.0, ,     0.0, ,     0.0, ,     0.0, ,     0.0, ,     8.7, ,    44.4, ,    53.5, ,     0.0, ,     0.5, ,     0.0, ,     8.7, ,
1978,     8.0, ,     0.0, ,     0.5, ,     0.0, ,     0.0, ,     0.0, ,     0.0, ,     0.0, ,     0.0, ,     0.0, ,     0.0, ,     1.1, ,     9.5, ,    52.4, ,     0.5, ,     0.0, ,     0.0, ,
1979,     4.2, ,    24.0, ,     0.0, ,     0.0, ,     0.0, ,     0.0, ,     0.0, ,     0.0, ,     0.0, ,     0.0, ,     0.0, ,    17.9, ,    46.1, ,    29.2, ,     0.0, ,     0.0, ,     0.0, ,
1980,    52.8, ,     5.8, ,     0.1, ,     0.0, ,     0.0, ,     0.0, ,     0.0, ,     0.0, ,     0.0, ,     0.0, ,     0.0, ,    12.5, ,    71.2, ,    76.5, ,     0.1, ,     0.0, ,     0.0, ,
1981,     0.0, ,     0.0, ,     0.0, ,     3.8, ,     0.0, ,     0.0, ,     0.0, ,     0.0, ,     0.0, ,     0.0, ,     0.0, ,    44.1, ,    47.9, ,    12.5, ,     3.8, ,     0.0, ,     0.0, ,
1982,    20.4, ,    58.6, ,     1.7, ,     2.9, ,     0.0, ,     0.0, ,     0.0, ,     0.0, ,     0.0, ,     0.0, ,     0.0, ,     3.6, ,    87.2, ,   123.0, ,     4.6, ,     0.0, ,     0.0, ,
1983,     6.9, ,     0.0, ,     0.0, ,     0.0, ,     0.0, ,     0.0, ,     0.0, ,     0.0, ,     0.0, ,     0.0, ,     0.0, ,     4.4, ,    11.2, ,    10.5, ,     0.0, ,     0.0, ,     0.0, ,
1984,     0.0, ,     9.3, ,     0.0, ,     1.7, ,     0.0, ,     0.0, ,     0.0, ,     0.0, ,     0.0, ,     4.3, ,     2.2, ,     6.8, ,    24.3, ,    13.7, ,     1.7, ,     0.0, ,     6.5, ,
1985,     0.0, ,    53.9, ,     3.7, ,     0.5, ,     0.1, ,     0.0, ,     0.0, ,     0.0, ,     0.0, ,     1.1, ,     7.2, ,     0.9, ,    67.3, ,    60.6, ,     4.3, ,     0.0, ,     8.2, ,
1986,     0.1, ,    16.8, ,     0.9, ,     3.1, ,     0.1, ,     0.0, ,     0.0, ,     0.0, ,     0.0, ,     0.0, ,     1.1, ,     0.0, ,    22.2, ,    17.9, ,     4.1, ,     0.0, ,     1.1, ,
1987,     2.2, ,     5.1, ,    16.4, ,     1.0, ,     0.0, ,     0.0, ,     0.0, ,     0.0, ,     0.0, ,     0.0, ,     0.1, ,     0.9, ,    25.8, ,     7.3, ,    17.5, ,     0.0, ,     0.1, ,
1988,     2.3, ,     0.7, ,     0.8, ,     1.6, ,     0.0, ,     0.0, ,     0.0, ,     0.0, ,     0.0, ,     0.0, ,     3.3, ,     2.5, ,    11.2, ,     3.8, ,     2.3, ,     0.0, ,     3.3, ,
1989,    29.8, ,     3.6, ,     4.2, ,     0.0, ,     0.0, ,     0.0, ,     0.0, ,     0.0, ,     0.0, ,     0.0, ,     0.7, ,     3.0, ,    41.4, ,    35.9, ,     4.2, ,     0.0, ,     0.7, ,
1990,    24.1, ,    17.8, ,     3.8, ,     0.0, ,     0.0, ,     0.0, ,     0.0, ,     0.0, ,     0.0, ,     0.0, ,    22.4, ,     5.5, ,    73.5, ,    45.0, ,     3.8, ,     0.0, ,    22.4, ,
1991,     0.3, ,     1.6, ,     0.2, ,     0.1, ,     0.0, ,     0.0, ,     0.0, ,     0.0, ,     0.0, ,     0.0, ,     0.0, ,     1.1, ,     3.4, ,     7.4, ,     0.3, ,     0.0, ,     0.0, ,
1992,     0.1, ,     4.6, ,     0.4, ,     0.0, ,     0.0, ,     0.0, ,     0.0, ,     0.0, ,     0.0, ,     0.0, ,     0.0, ,    18.6, ,    23.7, ,     5.7, ,     0.4, ,     0.0, ,     0.0, ,
1993,    10.9, ,     0.0, ,     0.6, ,     0.0, ,     0.0, ,     0.0, ,     0.0, ,     0.0, ,     0.0, ,     0.0, ,     3.6, ,     0.0, ,    15.1, ,    29.6, ,     0.6, ,     0.0, ,     3.6, ,
1994,     0.0, ,    17.8, ,     0.2, ,     0.0, ,     0.0, ,     0.0, ,     0.0, ,     0.0, ,     0.0, ,     0.0, ,    16.1, ,     3.1, ,    37.1, ,    17.8, ,     0.2, ,     0.0, ,    16.1, ,
1995,     0.0, ,    10.6, ,     1.0, ,     0.0, ,     0.0, ,     0.0, ,     0.0, ,     0.0, ,     0.0, ,     0.0, ,     0.6, ,    28.6, ,    40.8, ,    13.6, ,     1.0, ,     0.0, ,     0.6, ,
1996,    25.9, ,     2.2, ,    15.7, ,     1.2, ,     0.0, ,     0.0, ,     0.0, ,     0.0, ,     0.0, ,     0.0, ,    21.7, ,    12.7, ,    79.4, ,    56.7, ,    16.9, ,     0.0, ,    21.7, ,
1997,     8.3, ,     0.0, ,     0.0, ,     0.0, ,     0.0, ,     0.0, ,     0.0, ,     0.0, ,     0.0, ,     0.0, ,     0.0, ,     3.8, ,    12.1, ,    21.0, ,     0.0, ,     0.0, ,     0.0, ,
1998,    21.5, ,     0.0, ,     0.6, ,     0.0, , -9999.9,M,     0.0, ,     0.0, ,     0.0, ,     0.0, ,     0.0, ,     0.0, ,     2.5, , -9999.9,M,    25.3, , -9999.9,M,     0.0, ,     0.0, ,
1999,    14.6, , -9999.9,M, -9999.9,M, -9999.9,M, -9999.9,M, -9999.9,M, -9999.9,M, -9999.9,M, -9999.9,M, -9999.9,M, -9999.9,M, -9999.9,M, -9999.9,M, -9999.9,M, -9999.9,M, -9999.9,M, -9999.9,M,
2000, -9999.9,M, -9999.9,M, -9999.9,M, -9999.9,M, -9999.9,M, -9999.9,M, -9999.9,M, -9999.9,M, -9999.9,M, -9999.9,M, -9999.9,M, -9999.9,M, -9999.9,M, -9999.9,M, -9999.9,M, -9999.9,M, -9999.9,M,
2001, -9999.9,M, -9999.9,M, -9999.9,M, -9999.9,M, -9999.9,M, -9999.9,M, -9999.9,M, -9999.9,M, -9999.9,M, -9999.9,M, -9999.9,M, -9999.9,M, -9999.9,M, -9999.9,M, -9999.9,M, -9999.9,M, -9999.9,M,
2002, -9999.9,M, -9999.9,M, -9999.9,M, -9999.9,M, -9999.9,M, -9999.9,M, -9999.9,M, -9999.9,M, -9999.9,M, -9999.9,M, -9999.9,M, -9999.9,M, -9999.9,M, -9999.9,M, -9999.9,M, -9999.9,M, -9999.9,M,
2003, -9999.9,M, -9999.9,M, -9999.9,M, -9999.9,M, -9999.9,M, -9999.9,M, -9999.9,M, -9999.9,M, -9999.9,M, -9999.9,M, -9999.9,M, -9999.9,M, -9999.9,M, -9999.9,M, -9999.9,M, -9999.9,M, -9999.9,M,
2004, -9999.9,M, -9999.9,M, -9999.9,M, -9999.9,M, -9999.9,M, -9999.9,M, -9999.9,M, -9999.9,M, -9999.9,M, -9999.9,M, -9999.9,M, -9999.9,M, -9999.9,M, -9999.9,M, -9999.9,M, -9999.9,M, -9999.9,M,
2005, -9999.9,M, -9999.9,M, -9999.9,M, -9999.9,M, -9999.9,M, -9999.9,M, -9999.9,M, -9999.9,M, -9999.9,M, -9999.9,M, -9999.9,M, -9999.9,M, -9999.9,M, -9999.9,M, -9999.9,M, -9999.9,M, -9999.9,M,
2006, -9999.9,M, -9999.9,M, -9999.9,M, -9999.9,M, -9999.9,M, -9999.9,M, -9999.9,M, -9999.9,M, -9999.9,M, -9999.9,M, -9999.9,M, -9999.9,M, -9999.9,M, -9999.9,M, -9999.9,M, -9999.9,M, -9999.9,M,
2007, -9999.9,M, -9999.9,M, -9999.9,M, -9999.9,M, -9999.9,M, -9999.9,M, -9999.9,M, -9999.9,M, -9999.9,M, -9999.9,M, -9999.9,M, -9999.9,M, -9999.9,M, -9999.9,M, -9999.9,M, -9999.9,M, -9999.9,M,
2008, -9999.9,M, -9999.9,M, -9999.9,M, -9999.9,M, -9999.9,M, -9999.9,M, -9999.9,M, -9999.9,M, -9999.9,M, -9999.9,M, -9999.9,M, -9999.9,M, -9999.9,M, -9999.9,M, -9999.9,M, -9999.9,M, -9999.9,M,
2009, -9999.9,M, -9999.9,M, -9999.9,M, -9999.9,M, -9999.9,M, -9999.9,M, -9999.9,M, -9999.9,M, -9999.9,M, -9999.9,M, -9999.9,M, -9999.9,M, -9999.9,M, -9999.9,M, -9999.9,M, -9999.9,M, -9999.9,M,
2010, -9999.9,M, -9999.9,M, -9999.9,M, -9999.9,M, -9999.9,M, -9999.9,M, -9999.9,M, -9999.9,M, -9999.9,M, -9999.9,M, -9999.9,M, -9999.9,M, -9999.9,M, -9999.9,M, -9999.9,M, -9999.9,M, -9999.9,M,
2011, -9999.9,M, -9999.9,M, -9999.9,M, -9999.9,M, -9999.9,M, -9999.9,M, -9999.9,M, -9999.9,M, -9999.9,M, -9999.9,M, -9999.9,M, -9999.9,M, -9999.9,M, -9999.9,M, -9999.9,M, -9999.9,M, -9999.9,M,
2012, -9999.9,M, -9999.9,M, -9999.9,M, -9999.9,M, -9999.9,M, -9999.9,M, -9999.9,M, -9999.9,M, -9999.9,M, -9999.9,M, -9999.9,M, -9999.9,M, -9999.9,M, -9999.9,M, -9999.9,M, -9999.9,M, -9999.9,M,
2013, -9999.9,M, -9999.9,M, -9999.9,M, -9999.9,M, -9999.9,M, -9999.9,M, -9999.9,M, -9999.9,M, -9999.9,M, -9999.9,M, -9999.9,M, -9999.9,M, -9999.9,M, -9999.9,M, -9999.9,M, -9999.9,M, -9999.9,M,
2014, -9999.9,M, -9999.9,M, -9999.9,M, -9999.9,M, -9999.9,M, -9999.9,M, -9999.9,M, -9999.9,M, -9999.9,M, -9999.9,M, -9999.9,M, -9999.9,M, -9999.9,M, -9999.9,M, -9999.9,M, -9999.9,M, -9999.9,M,
2015, -9999.9,M, -9999.9,M, -9999.9,M, -9999.9,M, -9999.9,M, -9999.9,M, -9999.9,M, -9999.9,M, -9999.9,M, -9999.9,M, -9999.9,M, -9999.9,M, -9999.9,M, -9999.9,M, -9999.9,M, -9999.9,M, -9999.9,M,
2016, -9999.9,M, -9999.9,M, -9999.9,M, -9999.9,M, -9999.9,M, -9999.9,M, -9999.9,M, -9999.9,M, -9999.9,M, -9999.9,M, -9999.9,M, -9999.9,M, -9999.9,M, -9999.9,M, -9999.9,M, -9999.9,M, -9999.9,M,
2017, -9999.9,M, -9999.9,M, -9999.9,M, -9999.9,M, -9999.9,M, -9999.9,M, -9999.9,M, -9999.9,M, -9999.9,M, -9999.9,M, -9999.9,M, -9999.9,M, -9999.9,M, -9999.9,M, -9999.9,M, -9999.9,M, -9999.9,M,
