1114627,LILLOOET SETON BCHPA     ,BC,station joined    , Monthly total of daily adjusted snowfall, mm, Updated to December 2017
1114627,LILLOOET SETON BCHPA     ,BC,station jointe    , Total mensuel des chutes de neige quotidiennes ajustées, mm,  Mise à jour jusqu à décembre 2017
Year,     Jan, ,     Feb, ,     Mar, ,     Apr, ,     May, ,     Jun, ,     Jul, ,     Aug, ,     Sep, ,     Oct, ,     Nov, ,     Dec, ,  Annual, ,  Winter, ,  Spring, ,  Summer, ,  Autumn
An  ,    Janv, ,     Fév, ,    Mars, ,     Avr, ,     Mai, ,    Juin, ,    Juil, ,    Août, ,    Sept, ,     Oct, ,     Nov, ,     Déc, ,  Annuel, ,   Hiver, ,Printemp, ,     Eté, , Automne
1917,    21.3, ,     0.0, ,     2.0, ,     0.0, ,     0.0, ,     0.0, ,     0.0, ,     0.0, ,     0.0, ,     0.0, ,     0.0, ,    12.1, ,    35.3, ,   -10.0, ,     2.0, ,     0.0, ,     0.0, ,
1918,     9.7, ,    18.1, ,     0.0, ,     0.0, ,     0.0, ,     0.0, ,     0.0, ,     0.0, ,     0.0, ,     0.0, ,     1.2, ,    31.3, ,    60.2, ,    39.8, ,     0.0, ,     0.0, ,     1.2, ,
1919,     3.6, ,     9.7, ,     1.2, ,     0.0, , -9999.9,M, -9999.9,M,     0.0, ,     0.0, ,     0.0, ,     0.2, ,    16.7, ,     6.8, , -9999.9,M,    44.6, , -9999.9,M, -9999.9,M,    16.9, ,
1920,    24.1, ,     0.0, ,     0.1, ,     0.8, ,     0.0, ,     0.0, ,     0.0, ,     0.0, ,     0.0, ,     0.0, ,     0.1, ,     6.8, ,    31.9, ,    31.0, ,     0.9, ,     0.0, ,     0.1, ,
1921,    25.2, ,     0.2, ,     2.8, ,     0.0, ,     0.0, ,     0.0, ,     0.0, ,     0.0, ,     0.0, ,     0.0, ,    17.5, ,     4.7, ,    50.3, ,    32.2, ,     2.8, ,     0.0, ,    17.5, ,
1922,     8.8, ,     8.1, ,     0.8, ,     0.0, ,     0.0, ,     0.0, ,     0.0, ,     0.0, ,     0.0, ,     0.0, ,     0.0, ,     4.8, ,    22.4, ,    21.5, ,     0.8, ,     0.0, ,     0.0, ,
1923,    27.2, ,    23.0, ,     4.8, ,     0.0, ,     0.0, ,     0.0, ,     0.0, ,     0.0, ,     0.0, ,     0.0, ,     0.1, ,    23.8, ,    78.8, ,    55.0, ,     4.8, ,     0.0, ,     0.1, ,
1924,     8.0, ,     8.0, ,     0.1, ,     0.0, ,     0.0, ,     0.0, ,     0.0, ,     0.0, ,     0.0, ,     0.0, ,    15.4, ,    23.7, ,    55.1, ,    39.7, ,     0.1, ,     0.0, ,    15.4, ,
1925,    28.9, ,    17.1, ,     0.0, ,     0.0, ,     0.0, ,     0.0, ,     0.0, ,     0.0, ,     0.0, ,     2.0, ,     0.2, ,     2.0, ,    50.2, ,    69.7, ,     0.0, ,     0.0, ,     2.2, ,
1926,    22.9, ,     0.0, ,     0.0, ,     0.0, ,     0.0, ,     0.0, ,     0.0, ,     0.0, ,     0.0, ,     0.0, ,     0.8, ,    15.8, ,    39.4, ,    24.9, ,     0.0, ,     0.0, ,     0.8, ,
1927,     3.4, ,    13.3, ,     0.8, ,     1.3, ,     0.0, ,     0.0, ,     0.0, ,     0.0, ,     0.0, ,     0.0, ,    12.8, ,    12.0, ,    43.5, ,    32.5, ,     2.1, ,     0.0, ,    12.8, ,
1928,     2.1, ,     0.0, ,     0.0, ,     0.0, ,     0.0, ,     0.0, ,     0.0, ,     0.0, ,     0.0, ,     0.0, ,     0.1, ,    14.8, ,    17.0, ,    14.1, ,     0.0, ,     0.0, ,     0.1, ,
1929,    39.9, ,     4.8, ,     0.0, ,     0.0, ,     0.0, ,     0.0, ,     0.0, ,     0.0, ,     0.0, ,     0.0, ,     0.0, ,    12.1, ,    56.8, ,    59.5, ,     0.0, ,     0.0, ,     0.0, ,
1930,     5.6, ,     2.0, ,     0.0, ,     0.0, ,     0.0, ,     0.0, ,     0.0, ,     0.0, ,     0.0, ,     0.0, ,     0.8, , -9999.9,M, -9999.9,M,    19.7, ,     0.0, ,     0.0, ,     0.8, ,
1931,     2.0, ,     6.8, ,     6.0, ,     0.0, ,     0.0, ,     0.0, ,     0.0, ,     0.0, ,     0.0, ,     0.0, ,     9.7, ,    20.0, ,    44.5, , -9999.9,M,     6.0, ,     0.0, ,     9.7, ,
1932,    29.7, ,    29.0, ,     8.5, ,     0.0, ,     0.0, ,     0.0, ,     0.0, ,     0.0, ,     0.0, ,     0.0, ,     0.0, ,    10.9, ,    78.1, ,    78.8, ,     8.5, ,     0.0, ,     0.0, ,
1933,    16.0, ,     1.5, ,     9.2, ,     0.0, ,     0.0, ,     0.0, ,     0.0, ,     0.0, ,     0.0, ,     3.7, ,     0.0, ,    76.1, ,   106.5, ,    28.4, ,     9.2, ,     0.0, ,     3.7, ,
1934,    20.2, ,     0.8, ,     8.5, ,     0.0, ,     0.0, ,     0.0, ,     0.0, ,     0.0, ,     0.0, ,     0.0, ,     0.0, ,    12.9, ,    42.4, ,    97.1, ,     8.5, ,     0.0, ,     0.0, ,
1935,    49.5, ,     0.0, ,     1.3, ,     0.0, ,     0.0, ,     0.0, ,     0.0, ,     0.0, ,     0.0, ,     0.1, ,     0.0, ,     3.7, ,    54.6, ,    62.4, ,     1.3, ,     0.0, ,     0.1, ,
1936,    12.3, ,    16.9, ,     6.1, ,     0.0, ,     0.0, ,     0.0, ,     0.0, ,     0.0, ,     0.0, ,     0.0, ,     0.0, ,    43.4, ,    78.8, ,    33.0, ,     6.1, ,     0.0, ,     0.0, ,
1937,    47.2, ,    31.4, ,     0.0, ,     0.0, ,     0.0, ,     0.0, ,     0.0, ,     0.0, ,     0.0, ,     0.0, ,     6.3, ,    63.4, ,   148.3, ,   122.1, ,     0.0, ,     0.0, ,     6.3, ,
1938,     5.7, ,    16.9, ,     6.2, ,     0.0, ,     0.0, ,     0.0, ,     0.0, ,     0.0, ,     0.0, ,     0.0, ,     6.2, ,    25.6, ,    60.6, ,    86.0, ,     6.2, ,     0.0, ,     6.2, ,
1939,     2.5, ,     1.4, ,     0.6, ,     1.2, ,     0.0, ,     0.0, ,     0.0, ,     0.0, ,     0.0, ,     0.0, ,     0.0, ,     1.2, ,     6.9, ,    29.5, ,     1.8, ,     0.0, ,     0.0, ,
1940,     2.5, ,     0.0, ,     0.0, ,     0.0, ,     0.0, ,     0.0, ,     0.0, ,     0.0, ,     0.0, ,     0.0, ,    12.1, ,     1.5, ,    16.1, ,     3.7, ,     0.0, ,     0.0, ,    12.1, ,
1941,     3.4, ,     0.0, ,     0.0, ,     0.0, ,     0.0, ,     0.0, ,     0.0, ,     0.0, ,     0.0, ,     0.0, ,     0.0, ,     0.4, ,     3.8, ,     4.9, ,     0.0, ,     0.0, ,     0.0, ,
1942,     2.4, ,     0.1, ,     0.0, ,     0.0, ,     0.0, ,     0.0, ,     0.0, ,     0.0, ,     0.0, ,     0.0, ,     4.8, ,    21.6, ,    28.8, ,     2.9, ,     0.0, ,     0.0, ,     4.8, ,
1943,     3.4, ,     7.7, ,     0.0, ,     0.0, ,     0.0, ,     0.0, ,     0.0, ,     0.0, ,     0.0, ,     0.0, ,     2.4, ,     3.4, ,    16.8, ,    32.6, ,     0.0, ,     0.0, ,     2.4, ,
1944, -9999.9,M, -9999.9,M, -9999.9,M, -9999.9,M, -9999.9,M, -9999.9,M, -9999.9,M, -9999.9,M, -9999.9,M, -9999.9,M, -9999.9,M, -9999.9,M, -9999.9,M, -9999.9,M, -9999.9,M, -9999.9,M, -9999.9,M,
1945, -9999.9,M, -9999.9,M, -9999.9,M, -9999.9,M, -9999.9,M, -9999.9,M, -9999.9,M, -9999.9,M, -9999.9,M, -9999.9,M, -9999.9,M, -9999.9,M, -9999.9,M, -9999.9,M, -9999.9,M, -9999.9,M, -9999.9,M,
1946, -9999.9,M, -9999.9,M, -9999.9,M, -9999.9,M, -9999.9,M, -9999.9,M, -9999.9,M, -9999.9,M, -9999.9,M, -9999.9,M, -9999.9,M, -9999.9,M, -9999.9,M, -9999.9,M, -9999.9,M, -9999.9,M, -9999.9,M,
1947, -9999.9,M, -9999.9,M, -9999.9,M, -9999.9,M, -9999.9,M, -9999.9,M, -9999.9,M, -9999.9,M, -9999.9,M, -9999.9,M, -9999.9,M, -9999.9,M, -9999.9,M, -9999.9,M, -9999.9,M, -9999.9,M, -9999.9,M,
1948, -9999.9,M, -9999.9,M, -9999.9,M, -9999.9,M, -9999.9,M, -9999.9,M, -9999.9,M, -9999.9,M, -9999.9,M, -9999.9,M, -9999.9,M, -9999.9,M, -9999.9,M, -9999.9,M, -9999.9,M, -9999.9,M, -9999.9,M,
1949,    14.6, ,    16.0, ,     0.5, ,     0.0, ,     0.0, ,     0.0, , -9999.9,M, -9999.9,M, -9999.9,M, -9999.9,M, -9999.9,M,    21.1, , -9999.9,M, -9999.9,M,     0.5, , -9999.9,M, -9999.9,M,
1950,    14.9, ,     0.0, ,     0.0, ,     0.0, ,     0.0, ,     0.0, ,     0.0, ,     0.0, ,     0.0, ,     0.0, ,     6.8, ,     4.1, ,    25.8, ,    36.0, ,     0.0, ,     0.0, ,     6.8, ,
1951,   101.3, ,     9.8, , -9999.9,M,     0.0, ,     0.0, ,     0.0, ,     0.0, ,     0.0, ,     0.0, ,     0.0, ,     0.0, ,    48.1, , -9999.9,M,   115.2, , -9999.9,M,     0.0, ,     0.0, ,
1952,    11.0, ,     0.5, ,     0.0, ,     0.0, ,     0.0, ,     0.0, ,     0.0, ,     0.0, ,     0.0, ,     0.0, ,     0.0, ,    12.1, ,    23.5, ,    59.5, ,     0.0, ,     0.0, ,     0.0, ,
1953, -9999.9,M,     0.3, ,     0.1, ,     0.0, ,     0.0, ,     0.0, ,     0.0, ,     0.0, ,     0.0, ,     0.0, ,     1.7, ,     0.4, , -9999.9,M, -9999.9,M,     0.1, ,     0.0, ,     1.7, ,
1954, -9999.9,M,    35.2, ,     0.2, ,     9.6, ,     0.0, ,     0.0, ,     0.0, ,     0.0, ,     0.0, ,     0.0, ,     0.1, ,    22.7, , -9999.9,M, -9999.9,M,     9.9, ,     0.0, ,     0.1, ,
1955, -9999.9,M,     8.0, ,     4.4, ,     0.1, ,     0.0, ,     0.0, ,     0.0, ,     0.0, ,     0.0, ,     0.0, ,    51.1, ,    46.8, , -9999.9,M, -9999.9,M,     4.5, ,     0.0, ,    51.1, ,
1956,    12.4, ,    24.0, ,    31.3, ,     4.3, ,     0.0, ,     0.0, ,     0.0, ,     0.0, ,     0.0, ,     0.2, ,     0.0, ,    52.0, ,   124.1, ,    83.1, ,    35.6, ,     0.0, ,     0.2, ,
1957,    20.8, ,    53.1, ,     0.1, ,     0.0, ,     0.0, ,     0.0, ,     0.0, ,     0.0, ,     0.0, ,     1.0, ,     8.5, ,    21.0, ,   104.6, ,   125.9, ,     0.1, ,     0.0, ,     9.4, ,
1958,    24.9, ,     2.3, , -9999.9,M,     0.0, ,     0.0, ,     0.0, ,     0.0, ,     0.0, ,     0.0, ,     0.0, ,    10.1, ,     8.1, , -9999.9,M,    48.2, , -9999.9,M,     0.0, ,    10.1, ,
1959,    19.7, ,     6.4, ,     0.1, ,     0.1, ,     0.0, ,     0.0, ,     0.0, ,     0.0, ,     0.0, ,     0.0, ,    19.7, ,     9.6, ,    55.6, ,    34.2, ,     0.2, ,     0.0, ,    19.7, ,
1960,     9.7, ,     0.1, ,    13.2, ,     0.2, ,     0.0, ,     0.0, ,     0.0, ,     0.0, ,     0.0, ,     0.0, ,     4.9, ,    17.0, ,    45.2, ,    19.4, ,    13.4, ,     0.0, ,     4.9, ,
1961,     9.8, ,     0.6, ,     3.4, ,     0.6, ,     0.0, ,     0.0, ,     0.0, ,     0.0, ,     0.0, , -9999.9,M,    22.8, ,    23.7, , -9999.9,M,    27.4, ,     4.0, ,     0.0, , -9999.9,M,
1962,     9.3, ,     0.4, ,    11.6, ,     0.0, ,     0.0, ,     0.0, ,     0.0, ,     0.0, , -9999.9,M,     0.0, ,     1.7, ,     4.8, , -9999.9,M,    33.4, ,    11.6, ,     0.0, , -9999.9,M,
1963,     2.3, ,     8.2, ,     0.0, ,     0.0, , -9999.9,M,     0.0, , -9999.9,M,     0.0, ,     0.0, , -9999.9,M,     4.9, ,    14.8, , -9999.9,M,    15.3, , -9999.9,M, -9999.9,M, -9999.9,M,
1964,    65.5, ,     2.1, , -9999.9,M, -9999.9,M, -9999.9,M,     0.0, ,     0.0, ,     0.0, ,     0.0, , -9999.9,M,    16.2, ,     7.0, , -9999.9,M,    82.4, , -9999.9,M,     0.0, , -9999.9,M,
1965,    30.3, ,    19.1, ,     0.2, ,     0.0, ,     0.0, ,     0.0, ,     0.0, ,     0.0, ,     0.0, ,     0.0, ,     2.5, ,    11.4, ,    63.5, ,    56.4, ,     0.2, ,     0.0, ,     2.5, ,
1966,    23.4, ,     7.6, ,     0.2, ,    10.8, ,     0.0, ,     0.0, ,     0.0, ,     0.0, ,     0.0, ,     0.0, ,     1.3, ,    11.1, ,    54.3, ,    42.4, ,    11.0, ,     0.0, ,     1.3, ,
1967,    60.4, ,     8.8, ,     0.1, ,     0.0, ,     0.0, ,     0.0, ,     0.0, ,     0.0, ,     0.0, ,     0.0, ,     0.9, ,    17.9, ,    88.1, ,    80.2, ,     0.1, ,     0.0, ,     0.9, ,
1968,    20.7, ,     0.1, ,     0.1, ,     1.5, ,     0.0, ,     0.0, ,     0.0, ,     0.0, ,     0.0, ,     0.0, ,     5.1, ,    22.4, ,    50.0, ,    38.8, ,     1.7, ,     0.0, ,     5.1, ,
1969,    20.9, ,    13.6, ,     1.2, ,     0.0, ,     0.0, ,     0.0, ,     0.0, ,     0.0, ,     0.0, ,     0.0, ,     1.9, ,    12.2, ,    49.8, ,    57.0, ,     1.2, ,     0.0, ,     1.9, ,
1970,    19.8, ,     3.1, , -9999.9,M, -9999.9,M, -9999.9,M, -9999.9,M, -9999.9,M, -9999.9,M, -9999.9,M, -9999.9,M, -9999.9,M, -9999.9,M, -9999.9,M,    35.2, , -9999.9,M, -9999.9,M, -9999.9,M,
1971, -9999.9,M, -9999.9,M, -9999.9,M, -9999.9,M, -9999.9,M, -9999.9,M, -9999.9,M, -9999.9,M, -9999.9,M,     0.1, ,     0.3, ,    51.0, , -9999.9,M, -9999.9,M, -9999.9,M, -9999.9,M, -9999.9,M,
1972, -9999.9,M,    25.0, ,     4.8, ,     0.1, ,     0.0, ,     0.0, ,     0.0, ,     0.0, ,     0.0, ,     0.0, ,     0.0, ,    16.3, , -9999.9,M, -9999.9,M,     5.0, ,     0.0, ,     0.0, ,
1973,    11.8, ,     0.1, ,     0.0, ,     0.0, ,     0.0, ,     0.0, ,     0.0, ,     0.0, ,     0.0, ,     0.0, ,    53.5, ,     2.8, ,    68.2, ,    28.2, ,     0.0, ,     0.0, ,    53.5, ,
1974,    24.3, ,     0.6, ,     1.5, ,     0.0, ,     0.0, ,     0.0, ,     0.0, ,     0.0, ,     0.0, ,     0.0, ,     0.2, ,    12.3, ,    39.0, ,    27.6, ,     1.5, ,     0.0, ,     0.2, ,
1975,    26.4, ,    14.0, ,     0.1, ,     0.0, ,     0.0, ,     0.0, ,     0.0, ,     0.0, ,     0.0, ,     0.0, ,     1.2, ,     0.5, ,    42.2, ,    52.8, ,     0.1, ,     0.0, ,     1.2, ,
1976,    11.1, ,     2.8, ,     0.0, ,     0.0, ,     0.0, ,     0.0, ,     0.0, ,     0.0, ,     0.0, ,     0.0, ,     0.0, ,     0.2, ,    14.1, ,    14.4, ,     0.0, ,     0.0, ,     0.0, ,
1977,     7.1, ,     0.0, ,     0.0, ,     0.0, ,     0.0, ,     0.0, ,     0.0, ,     0.0, ,     0.0, ,     0.0, , -9999.9,M,    29.9, , -9999.9,M,     7.4, ,     0.0, ,     0.0, , -9999.9,M,
1978,    31.7, ,     2.4, ,     0.0, ,     0.0, ,     0.0, ,     0.0, ,     0.0, ,     0.0, ,     0.0, ,     0.0, ,     2.5, ,    12.2, ,    48.7, ,    64.0, ,     0.0, ,     0.0, ,     2.5, ,
1979,     4.6, ,     1.7, ,     0.0, ,     0.1, ,     0.0, ,     0.0, ,     0.0, ,     0.0, ,     0.0, ,     0.0, ,     0.0, ,    10.4, ,    16.9, ,    18.5, ,     0.1, ,     0.0, ,     0.0, ,
1980,    12.8, ,     0.2, ,     0.1, ,     0.0, ,     0.0, ,     0.0, ,     0.0, ,     0.0, ,     0.0, ,     0.0, ,     0.1, ,     2.1, ,    15.3, ,    23.4, ,     0.1, ,     0.0, ,     0.1, ,
1981,     0.0, ,     0.0, ,     0.0, ,     0.0, ,     0.0, ,     0.0, ,     0.0, ,     0.0, ,     0.0, ,     0.0, ,     0.0, ,    10.3, ,    10.3, ,     2.1, ,     0.0, ,     0.0, ,     0.0, ,
1982,    19.1, ,     0.2, ,     0.0, ,     0.0, ,     0.0, ,     0.0, ,     0.0, ,     0.0, ,     0.0, ,     0.0, ,     2.9, ,     3.2, ,    25.4, ,    29.6, ,     0.0, ,     0.0, ,     2.9, ,
1983,     0.2, ,     0.2, ,     0.0, ,     0.0, ,     0.0, ,     0.0, ,     0.0, ,     0.0, ,     0.0, ,     0.0, ,     0.0, , -9999.9,M, -9999.9,M,     3.6, ,     0.0, ,     0.0, ,     0.0, ,
1984,     0.0, ,     0.0, ,     0.0, ,     0.0, ,     0.0, ,     0.0, ,     0.0, ,     0.0, ,     0.0, ,     7.6, ,    24.2, ,    13.0, ,    44.9, , -9999.9,M,     0.0, ,     0.0, ,    31.8, ,
1985,     0.1, ,    20.1, ,     1.7, ,     0.0, ,     0.0, ,     0.0, ,     0.0, ,     0.0, ,     0.0, ,     4.9, ,     1.1, ,     1.9, ,    29.7, ,    33.2, ,     1.7, ,     0.0, ,     5.9, ,
1986,    17.4, ,    16.6, ,     0.0, ,     0.0, ,     0.0, ,     0.0, ,     0.0, ,     0.0, ,     0.0, ,     0.0, ,     7.6, ,    21.9, ,    63.4, ,    35.9, ,     0.0, ,     0.0, ,     7.6, ,
1987,    13.5, ,     2.7, ,     0.2, ,     0.0, ,     0.0, ,     0.0, ,     0.0, ,     0.0, ,     0.0, ,     0.0, ,     0.0, ,     7.5, ,    23.9, ,    38.1, ,     0.2, ,     0.0, ,     0.0, ,
1988,     4.2, ,     2.8, ,     0.1, ,     0.1, ,     0.0, ,     0.0, ,     0.0, ,     0.0, ,     0.0, ,     0.0, ,     0.9, ,     9.3, ,    17.5, ,    14.5, ,     0.2, ,     0.0, ,     0.9, ,
1989,     7.2, ,     2.6, ,     0.9, ,     0.0, ,     0.0, ,     0.0, ,     0.0, ,     0.0, ,     0.0, ,     0.0, ,     2.4, ,     3.0, ,    16.1, ,    19.2, ,     0.9, ,     0.0, ,     2.4, ,
1990,     1.2, ,     1.8, ,     0.5, ,     0.0, ,     0.0, ,     0.0, ,     0.0, ,     0.0, ,     0.0, ,     0.0, ,    11.1, , -9999.9,M, -9999.9,M,     6.0, ,     0.5, ,     0.0, ,    11.1, ,
1991,     8.5, ,     0.1, ,    19.1, ,     0.9, ,     0.0, ,     0.0, ,     0.0, ,     0.0, ,     0.0, ,     0.0, ,     0.0, ,     2.3, ,    31.0, , -9999.9,M,    20.1, ,     0.0, ,     0.0, ,
1992,     1.2, ,     3.8, ,     0.0, ,     0.0, ,     0.0, ,     0.0, ,     0.0, ,     0.0, ,     0.0, ,     0.0, ,     1.1, , -9999.9,M, -9999.9,M,     7.3, ,     0.0, ,     0.0, ,     1.1, ,
1993,    22.6, ,     0.0, ,     1.2, ,     0.0, ,     0.0, ,     0.0, ,     0.0, ,     0.0, ,     0.0, ,     0.0, ,     0.1, ,     3.9, ,    27.8, , -9999.9,M,     1.2, ,     0.0, ,     0.1, ,
1994,     2.5, ,     7.9, ,     0.0, ,     0.0, ,     0.0, ,     0.0, ,     0.0, ,     0.0, ,     0.0, ,     0.0, ,     7.1, ,     3.2, ,    20.7, ,    14.3, ,     0.0, ,     0.0, ,     7.1, ,
1995,     4.0, ,     1.1, ,     0.1, ,     0.0, ,     0.0, ,     0.0, ,     0.0, ,     0.0, ,     0.0, ,     0.0, ,     8.5, , -9999.9,M, -9999.9,M,     8.3, ,     0.1, ,     0.0, ,     8.5, ,
1996, -9999.9,M,     1.2, ,     0.9, ,     0.0, ,     0.0, ,     0.0, ,     0.0, ,     0.0, ,     0.0, ,     0.0, ,     4.2, ,    33.6, , -9999.9,M, -9999.9,M,     0.9, ,     0.0, ,     4.2, ,
1997,     4.4, ,     0.1, ,     7.6, ,     0.0, ,     0.0, ,     0.0, ,     0.0, ,     0.0, ,     0.0, ,     0.0, ,     0.0, ,     0.0, ,    12.1, ,    38.1, ,     7.6, ,     0.0, ,     0.0, ,
1998,    10.2, ,     0.0, ,     0.0, ,     0.0, ,     0.0, ,     0.0, ,     0.0, ,     0.0, ,     0.0, ,     0.0, ,     0.0, ,    16.1, ,    26.3, ,    10.2, ,     0.0, ,     0.0, ,     0.0, ,
1999,    11.6, , -9999.9,M,     0.8, ,     0.0, ,     0.0, ,     0.0, ,     0.0, ,     0.0, ,     0.0, ,     0.0, ,     1.9, ,     1.9, , -9999.9,M, -9999.9,M,     0.8, ,     0.0, ,     1.9, ,
2000,    14.1, ,     2.0, ,     0.0, ,     0.0, ,     0.0, ,     0.0, ,     0.0, ,     0.0, ,     0.0, ,     0.0, ,     0.0, ,    19.8, ,    35.9, ,    18.0, ,     0.0, ,     0.0, ,     0.0, ,
2001,     3.4, ,     0.9, ,     0.0, ,     0.0, , -9999.9,M, -9999.9,M, -9999.9,M, -9999.9,M, -9999.9,M, -9999.9,M, -9999.9,M, -9999.9,M, -9999.9,M,    24.1, , -9999.9,M, -9999.9,M, -9999.9,M,
2002, -9999.9,M, -9999.9,M, -9999.9,M, -9999.9,M, -9999.9,M, -9999.9,M, -9999.9,M, -9999.9,M, -9999.9,M, -9999.9,M, -9999.9,M, -9999.9,M, -9999.9,M, -9999.9,M, -9999.9,M, -9999.9,M, -9999.9,M,
2003, -9999.9,M, -9999.9,M, -9999.9,M, -9999.9,M, -9999.9,M, -9999.9,M, -9999.9,M, -9999.9,M, -9999.9,M, -9999.9,M, -9999.9,M, -9999.9,M, -9999.9,M, -9999.9,M, -9999.9,M, -9999.9,M, -9999.9,M,
2004, -9999.9,M, -9999.9,M, -9999.9,M, -9999.9,M, -9999.9,M, -9999.9,M, -9999.9,M, -9999.9,M, -9999.9,M, -9999.9,M, -9999.9,M, -9999.9,M, -9999.9,M, -9999.9,M, -9999.9,M, -9999.9,M, -9999.9,M,
2005, -9999.9,M, -9999.9,M, -9999.9,M, -9999.9,M, -9999.9,M, -9999.9,M, -9999.9,M, -9999.9,M, -9999.9,M, -9999.9,M, -9999.9,M, -9999.9,M, -9999.9,M, -9999.9,M, -9999.9,M, -9999.9,M, -9999.9,M,
2006, -9999.9,M, -9999.9,M, -9999.9,M, -9999.9,M, -9999.9,M, -9999.9,M, -9999.9,M, -9999.9,M, -9999.9,M, -9999.9,M, -9999.9,M, -9999.9,M, -9999.9,M, -9999.9,M, -9999.9,M, -9999.9,M, -9999.9,M,
2007, -9999.9,M, -9999.9,M, -9999.9,M, -9999.9,M, -9999.9,M, -9999.9,M, -9999.9,M, -9999.9,M, -9999.9,M, -9999.9,M, -9999.9,M, -9999.9,M, -9999.9,M, -9999.9,M, -9999.9,M, -9999.9,M, -9999.9,M,
2008, -9999.9,M, -9999.9,M, -9999.9,M, -9999.9,M, -9999.9,M, -9999.9,M, -9999.9,M, -9999.9,M, -9999.9,M, -9999.9,M, -9999.9,M, -9999.9,M, -9999.9,M, -9999.9,M, -9999.9,M, -9999.9,M, -9999.9,M,
2009, -9999.9,M, -9999.9,M, -9999.9,M, -9999.9,M, -9999.9,M, -9999.9,M, -9999.9,M, -9999.9,M, -9999.9,M, -9999.9,M, -9999.9,M, -9999.9,M, -9999.9,M, -9999.9,M, -9999.9,M, -9999.9,M, -9999.9,M,
2010, -9999.9,M, -9999.9,M, -9999.9,M, -9999.9,M, -9999.9,M, -9999.9,M, -9999.9,M, -9999.9,M, -9999.9,M, -9999.9,M, -9999.9,M, -9999.9,M, -9999.9,M, -9999.9,M, -9999.9,M, -9999.9,M, -9999.9,M,
2011, -9999.9,M, -9999.9,M, -9999.9,M, -9999.9,M, -9999.9,M, -9999.9,M, -9999.9,M, -9999.9,M, -9999.9,M, -9999.9,M, -9999.9,M, -9999.9,M, -9999.9,M, -9999.9,M, -9999.9,M, -9999.9,M, -9999.9,M,
2012, -9999.9,M, -9999.9,M, -9999.9,M, -9999.9,M, -9999.9,M, -9999.9,M, -9999.9,M, -9999.9,M, -9999.9,M, -9999.9,M, -9999.9,M, -9999.9,M, -9999.9,M, -9999.9,M, -9999.9,M, -9999.9,M, -9999.9,M,
2013, -9999.9,M, -9999.9,M, -9999.9,M, -9999.9,M, -9999.9,M, -9999.9,M, -9999.9,M, -9999.9,M, -9999.9,M, -9999.9,M, -9999.9,M, -9999.9,M, -9999.9,M, -9999.9,M, -9999.9,M, -9999.9,M, -9999.9,M,
2014, -9999.9,M, -9999.9,M, -9999.9,M, -9999.9,M, -9999.9,M, -9999.9,M, -9999.9,M, -9999.9,M, -9999.9,M, -9999.9,M, -9999.9,M, -9999.9,M, -9999.9,M, -9999.9,M, -9999.9,M, -9999.9,M, -9999.9,M,
2015, -9999.9,M, -9999.9,M, -9999.9,M, -9999.9,M, -9999.9,M, -9999.9,M, -9999.9,M, -9999.9,M, -9999.9,M, -9999.9,M, -9999.9,M, -9999.9,M, -9999.9,M, -9999.9,M, -9999.9,M, -9999.9,M, -9999.9,M,
2016, -9999.9,M, -9999.9,M, -9999.9,M, -9999.9,M, -9999.9,M, -9999.9,M, -9999.9,M, -9999.9,M, -9999.9,M, -9999.9,M, -9999.9,M, -9999.9,M, -9999.9,M, -9999.9,M, -9999.9,M, -9999.9,M, -9999.9,M,
2017, -9999.9,M, -9999.9,M, -9999.9,M, -9999.9,M, -9999.9,M, -9999.9,M, -9999.9,M, -9999.9,M, -9999.9,M, -9999.9,M, -9999.9,M, -9999.9,M, -9999.9,M, -9999.9,M, -9999.9,M, -9999.9,M, -9999.9,M,
