3016119,STETTLER NORTH           ,AB,station joined    , Monthly total of daily adjusted snowfall, mm, Updated to December 2017
3016119,STETTLER NORTH           ,AB,station jointe    , Total mensuel des chutes de neige quotidiennes ajustées, mm,  Mise à jour jusqu à décembre 2017
Year,     Jan, ,     Feb, ,     Mar, ,     Apr, ,     May, ,     Jun, ,     Jul, ,     Aug, ,     Sep, ,     Oct, ,     Nov, ,     Dec, ,  Annual, ,  Winter, ,  Spring, ,  Summer, ,  Autumn
An  ,    Janv, ,     Fév, ,    Mars, ,     Avr, ,     Mai, ,    Juin, ,    Juil, ,    Août, ,    Sept, ,     Oct, ,     Nov, ,     Déc, ,  Annuel, ,   Hiver, ,Printemp, ,     Eté, , Automne
1919,     2.9, , -9999.9,M,     0.9, ,    17.6, ,     0.2, ,     0.0, ,     0.0, ,     0.0, ,     0.0, ,     8.8, ,    16.2, , -9999.9,M, -9999.9,M,   -10.0, ,    18.8, ,     0.0, ,    25.1, ,
1920,    14.7, ,     2.9, ,    61.8, ,    35.4, ,    23.6, ,     0.0, ,     0.0, ,     0.0, ,     0.0, ,     0.2, , -9999.9,M,    35.3, , -9999.9,M, -9999.9,M,   120.7, ,     0.0, , -9999.9,M,
1921,    17.8, ,    11.7, ,    22.7, ,    12.1, ,     0.0, ,     0.0, ,     0.0, ,     0.0, ,     2.7, ,     0.0, ,    23.4, , -9999.9,M, -9999.9,M,    64.7, ,    34.8, ,     0.0, ,    26.1, ,
1922,    14.6, , -9999.9,M,     7.4, ,    29.5, ,     0.0, ,     0.1, ,     0.0, ,     0.0, ,     0.0, ,     0.0, ,     2.9, , -9999.9,M, -9999.9,M, -9999.9,M,    36.9, ,     0.1, ,     2.9, ,
1923,    18.1, ,    16.2, ,    14.6, ,    33.9, ,     0.0, ,     0.0, ,     0.0, ,     0.0, ,     1.2, ,     0.9, ,     0.1, ,     0.9, ,    85.9, , -9999.9,M,    48.5, ,     0.0, ,     2.2, ,
1924,    15.1, ,     8.9, ,    16.8, ,    58.4, ,     0.0, ,     0.0, ,     0.0, ,     0.0, ,     0.0, ,    10.4, ,    11.6, ,    87.2, ,   208.5, ,    24.9, ,    75.2, ,     0.0, ,    22.0, ,
1925,    18.4, ,    17.4, ,    27.6, ,     3.8, ,     0.0, ,     0.0, ,     0.0, ,     0.0, ,     2.0, ,    19.3, ,    19.7, ,    35.4, ,   143.6, ,   123.1, ,    31.4, ,     0.0, ,    40.9, ,
1926,    17.1, ,    21.6, ,    27.5, ,     3.9, ,     0.0, ,     0.0, ,     0.0, ,     0.0, ,    29.6, ,     2.5, ,    41.3, ,    61.8, ,   205.3, ,    74.0, ,    31.4, ,     0.0, ,    73.4, ,
1927,     5.9, ,    37.1, ,    58.9, ,    38.3, ,    14.7, ,     0.0, ,     0.0, ,     0.0, ,     0.0, ,     2.9, ,    24.5, ,    19.1, ,   201.5, ,   104.9, ,   111.9, ,     0.0, ,    27.4, ,
1928,     6.1, ,     7.8, ,    33.6, ,    30.9, ,     0.0, ,     0.0, ,     0.0, ,     0.0, ,     0.0, ,     0.0, , -9999.9,M, -9999.9,M, -9999.9,M,    33.0, ,    64.5, ,     0.0, , -9999.9,M,
1929, -9999.9,M, -9999.9,M, -9999.9,M,    35.5, ,     5.9, ,     0.0, ,     0.0, ,     0.0, ,     0.0, ,     0.2, ,    22.9, ,    21.6, , -9999.9,M, -9999.9,M, -9999.9,M,     0.0, ,    23.2, ,
1930,     1.8, ,     1.8, ,    10.5, ,    11.8, ,    11.8, ,     0.0, ,     0.0, ,     0.0, ,     0.0, ,    31.0, ,     0.1, ,     9.0, ,    78.0, ,    25.3, ,    34.2, ,     0.0, ,    31.1, ,
1931,     0.0, ,     5.8, ,    46.0, ,    11.8, ,     0.2, ,     0.1, ,     0.0, ,     0.0, ,     0.0, ,     1.7, , -9999.9,M, -9999.9,M, -9999.9,M,    14.8, ,    58.1, ,     0.1, , -9999.9,M,
1932, -9999.9,M, -9999.9,M, -9999.9,M,     0.0, ,     0.0, ,     0.0, ,     0.0, ,     0.0, ,     0.0, ,    23.7, ,    47.1, ,    26.6, , -9999.9,M, -9999.9,M, -9999.9,M,     0.0, ,    70.8, ,
1933, -9999.9,M, -9999.9,M, -9999.9,M,    26.8, ,     0.1, ,     0.0, ,     0.0, ,     0.0, ,     0.0, ,    41.1, ,     4.4, ,    70.7, , -9999.9,M, -9999.9,M, -9999.9,M,     0.0, ,    45.5, ,
1934,    32.4, ,     4.4, ,    20.6, ,     0.0, ,     0.0, ,     0.0, ,     0.0, ,     0.0, ,     0.1, ,     0.0, ,    11.8, ,    20.4, ,    89.8, ,   107.4, ,    20.6, ,     0.0, ,    11.9, ,
1935, -9999.9,M, -9999.9,M, -9999.9,M, -9999.9,M,    28.3, ,     0.0, ,     0.0, ,     0.0, ,     0.0, ,     5.9, ,     1.7, , -9999.9,M, -9999.9,M, -9999.9,M, -9999.9,M,     0.0, ,     7.7, ,
1936, -9999.9,M, -9999.9,M, -9999.9,M,    18.3, ,     0.0, ,     0.0, ,     0.0, ,     0.0, ,     0.0, ,     0.0, , -9999.9,M,     2.9, , -9999.9,M, -9999.9,M, -9999.9,M,     0.0, , -9999.9,M,
1937, -9999.9,M,    20.4, ,     5.8, ,     0.0, ,     0.0, ,     0.0, ,     0.0, ,     0.0, ,     0.0, ,     0.0, ,    29.5, , -9999.9,M, -9999.9,M, -9999.9,M,     5.8, ,     0.0, ,    29.5, ,
1938, -9999.9,M, -9999.9,M, -9999.9,M, -9999.9,M,     0.0, ,     0.0, ,     0.0, ,     0.0, ,     0.0, ,     0.0, , -9999.9,M,    11.7, , -9999.9,M, -9999.9,M, -9999.9,M,     0.0, , -9999.9,M,
1939,    14.6, ,    29.5, ,    14.6, ,    11.7, ,     0.0, ,     0.0, ,     0.0, ,     0.0, ,     0.0, , -9999.9,M, -9999.9,M, -9999.9,M, -9999.9,M,    55.8, ,    26.3, ,     0.0, , -9999.9,M,
1940, -9999.9,M, -9999.9,M,   106.1, ,    32.4, ,     0.0, ,     0.0, ,     0.0, ,     0.0, ,     0.0, ,     8.8, ,    23.7, ,    11.8, , -9999.9,M, -9999.9,M,   138.4, ,     0.0, ,    32.5, ,
1941,    26.6, ,    23.7, ,    26.6, ,     0.0, ,     0.0, ,     0.0, ,     0.0, ,     0.0, ,    11.8, ,     0.0, , -9999.9,M,     8.7, , -9999.9,M,    62.1, ,    26.6, ,     0.0, , -9999.9,M,
1942,     8.8, ,    26.5, ,    20.5, ,     0.0, ,     0.0, ,     0.0, ,     0.0, ,     0.0, ,     0.0, ,    11.7, ,    38.3, ,     8.7, ,   114.5, ,    44.0, ,    20.5, ,     0.0, ,    50.0, ,
1943,    23.4, ,    17.8, ,    62.0, ,    11.8, ,     0.0, ,     0.0, ,     0.0, ,     0.0, ,     0.0, ,    29.5, ,     0.0, ,     0.0, ,   144.4, ,    49.9, ,    73.8, ,     0.0, ,    29.5, ,
1944,     8.9, ,    56.2, ,    58.7, ,     0.0, ,     0.0, ,     0.0, ,     0.0, ,     0.0, ,     0.0, ,     0.0, , -9999.9,M,    14.5, , -9999.9,M,    65.1, ,    58.7, ,     0.0, , -9999.9,M,
1945,    26.3, ,     8.7, ,    11.6, ,    29.4, ,     0.0, ,     0.0, ,     0.0, ,     0.0, ,     0.0, ,     1.7, ,    20.4, ,    23.4, ,   121.6, ,    49.5, ,    41.0, ,     0.0, ,    22.2, ,
1946,     2.9, ,     5.8, ,    11.6, ,     0.0, ,     0.0, ,     0.0, ,     0.0, ,     0.0, ,     0.0, ,     0.0, ,    38.3, ,    38.3, ,    96.9, ,    32.1, ,    11.6, ,     0.0, ,    38.3, ,
1947,    17.5, ,    44.1, ,    20.5, ,    11.8, ,     0.0, ,     0.0, ,     0.0, ,     0.0, ,     0.0, ,     0.0, ,    38.1, ,    23.5, ,   155.6, ,    99.9, ,    32.4, ,     0.0, ,    38.1, ,
1948,    23.3, ,    49.9, ,    11.8, ,    37.0, ,     0.0, ,     0.0, ,     0.0, ,     0.0, ,     0.0, ,     0.0, , -9999.9,M, -9999.9,M, -9999.9,M,    96.8, ,    48.8, ,     0.0, , -9999.9,M,
1949, -9999.9,M, -9999.9,M, -9999.9,M,     0.0, ,     0.0, ,     0.0, ,     0.0, ,     0.0, ,     0.0, ,     6.0, ,     0.0, ,    38.3, , -9999.9,M, -9999.9,M, -9999.9,M,     0.0, ,     6.0, ,
1950,    32.8, ,     4.5, ,     6.4, ,     5.9, ,     0.0, ,     0.0, ,     0.0, , -9999.9,M,     8.8, ,    44.1, ,    22.3, ,     8.8, , -9999.9,M,    75.7, ,    12.3, , -9999.9,M,    75.2, ,
1951,    41.3, ,    51.7, ,    25.8, ,    17.6, ,     0.0, ,     0.0, ,     0.0, ,     0.0, ,    11.8, ,    32.4, ,     9.5, ,     5.9, ,   196.0, ,   101.8, ,    43.4, ,     0.0, ,    53.7, ,
1952,    12.5, ,    15.3, ,     6.1, ,     0.0, ,     0.0, ,     0.0, ,     0.0, ,     0.0, ,     0.0, ,     0.1, ,     6.1, , -9999.9,M, -9999.9,M,    33.8, ,     6.1, ,     0.0, ,     6.2, ,
1953,    32.4, ,    15.9, ,    42.8, , -9999.9,M,     0.0, ,     0.0, ,     0.0, ,     0.0, ,     0.0, ,     0.0, ,     0.6, ,     1.0, , -9999.9,M, -9999.9,M, -9999.9,M,     0.0, ,     0.6, ,
1954,    47.5, ,    12.2, ,    21.5, ,    41.4, ,     0.0, ,     0.0, ,     0.0, ,     0.0, ,     0.0, ,     0.0, ,     1.6, ,     9.5, ,   133.6, ,    60.6, ,    62.9, ,     0.0, ,     1.6, ,
1955,    17.8, ,    12.4, ,    25.2, , -9999.9,M,     0.0, ,     0.0, ,     0.0, ,     0.0, ,     0.0, , -9999.9,M,    17.6, , -9999.9,M, -9999.9,M,    39.7, , -9999.9,M,     0.0, , -9999.9,M,
1956,     0.0, ,     0.0, , -9999.9,M,     3.8, ,     0.0, ,     0.0, ,     0.0, ,     0.0, ,     0.0, ,     0.0, ,     0.0, , -9999.9,M, -9999.9,M, -9999.9,M, -9999.9,M,     0.0, ,     0.0, ,
1957, -9999.9,M, -9999.9,M, -9999.9,M,     0.7, ,     0.0, ,     0.0, ,     0.0, ,     0.0, ,     0.0, ,    20.7, ,    26.7, ,     3.0, , -9999.9,M, -9999.9,M, -9999.9,M,     0.0, ,    47.3, ,
1958,    21.6, ,    12.8, ,    18.7, ,     0.0, ,     1.5, ,     0.0, ,     0.0, , -9999.9,M,     0.0, ,     0.5, ,    24.4, ,     8.4, , -9999.9,M,    37.4, ,    20.2, , -9999.9,M,    24.8, ,
1959,    29.0, ,     2.9, ,     3.1, ,    23.0, ,    35.5, ,     0.0, ,     0.0, ,     0.0, ,     0.1, ,     9.3, , -9999.9,M,    11.8, , -9999.9,M,    40.3, ,    61.6, ,     0.0, , -9999.9,M,
1960,     0.1, ,    24.0, ,     4.6, ,    14.8, ,     7.7, ,     0.0, ,     0.0, ,     0.0, ,     0.0, ,     0.0, ,     7.4, ,    22.1, ,    80.7, ,    35.9, ,    27.1, ,     0.0, ,     7.4, ,
1961, -9999.9,M,    32.2, , -9999.9,M, -9999.9,M,     0.1, ,     0.0, ,     0.0, ,     0.0, ,     0.0, ,    10.5, ,    14.4, ,    33.9, , -9999.9,M, -9999.9,M, -9999.9,M,     0.0, ,    24.9, ,
1962,    17.9, ,    16.4, ,    20.6, ,     0.0, , -9999.9,M,     0.0, ,     0.0, ,     0.0, ,     0.0, ,     0.0, ,     0.1, ,    11.8, , -9999.9,M,    68.1, , -9999.9,M,     0.0, ,     0.1, ,
1963,    35.5, ,    29.6, ,    29.5, ,    29.6, ,     0.0, ,     0.0, ,     0.0, ,     0.0, ,     0.0, ,     0.0, , -9999.9,M, -9999.9,M, -9999.9,M,    76.9, ,    59.0, ,     0.0, , -9999.9,M,
1964,    44.2, ,    11.9, ,    32.7, ,    10.2, ,     0.0, ,     0.0, ,     0.0, ,     0.0, ,     0.1, ,     8.8, ,    21.0, ,    18.1, ,   147.1, , -9999.9,M,    42.9, ,     0.0, ,    29.9, ,
1965,    26.0, ,    28.4, ,     8.5, ,     7.1, ,    11.7, ,     0.0, ,     0.0, ,     0.0, ,    10.8, ,     0.0, ,    25.4, ,    10.5, ,   128.4, ,    72.5, ,    27.3, ,     0.0, ,    36.2, ,
1966,    34.5, ,    16.5, ,     9.2, ,    27.8, ,     0.0, ,     0.0, ,     0.0, ,     0.0, ,     0.0, ,     0.3, ,    32.6, ,     4.0, ,   124.9, ,    61.6, ,    37.0, ,     0.0, ,    32.9, ,
1967,    19.9, ,    24.3, ,    35.1, ,    32.0, ,     0.1, ,     0.0, ,     0.0, ,     0.0, ,     0.0, ,    12.7, ,     4.4, ,    47.9, ,   176.5, ,    48.3, ,    67.3, ,     0.0, ,    17.0, ,
1968,    16.9, ,     6.0, ,    13.2, ,     9.3, ,     0.0, ,     0.0, ,     0.0, ,     0.0, ,     5.9, ,    10.6, ,     9.2, ,    36.0, ,   107.1, ,    70.9, ,    22.5, ,     0.0, ,    25.6, ,
1969,    15.4, ,    21.8, ,     8.1, ,    14.7, ,     0.1, ,     0.0, ,     0.0, ,     0.0, ,     0.1, ,     8.9, ,    16.4, ,    39.5, ,   125.1, ,    73.2, ,    22.9, ,     0.0, ,    25.4, ,
1970,    12.3, ,    14.0, ,    27.0, ,     9.6, ,     4.5, ,     0.0, ,     0.0, ,     0.0, ,     4.5, ,    14.5, ,    36.6, ,    10.4, ,   133.5, ,    65.9, ,    41.1, ,     0.0, ,    55.6, ,
1971,    42.8, ,    11.0, ,    16.4, ,     0.3, ,     0.0, ,     0.0, ,     0.0, ,     0.0, ,     0.1, ,     4.7, ,     3.5, ,    30.6, ,   109.5, ,    64.2, ,    16.8, ,     0.0, ,     8.4, ,
1972,    22.1, ,    47.3, ,     7.4, ,     4.3, ,     0.1, ,     0.0, ,     0.0, ,     0.0, ,     2.2, ,     0.6, ,    28.5, ,     5.1, ,   117.5, ,   100.0, ,    11.8, ,     0.0, ,    31.2, ,
1973,     0.4, ,     4.1, ,    23.1, ,    25.5, ,     0.0, ,     0.0, ,     0.0, ,     0.0, ,     0.2, ,     2.6, ,    42.5, ,    24.0, ,   122.5, ,     9.6, ,    48.6, ,     0.0, ,    45.4, ,
1974,    54.5, ,    23.9, ,    45.5, ,    17.1, ,     0.3, ,     0.0, ,     0.0, ,     0.0, ,     0.2, ,     4.4, ,     2.9, ,    26.0, ,   174.9, ,   102.4, ,    63.0, ,     0.0, ,     7.5, ,
1975,    24.7, ,    32.2, ,    26.4, ,    47.3, ,     0.0, ,     0.0, ,     0.0, ,     0.0, ,     0.0, ,    17.4, ,    11.5, ,    56.7, ,   216.2, ,    82.9, ,    73.7, ,     0.0, ,    28.9, ,
1976,    21.0, ,    24.2, ,    33.8, ,     0.4, ,     0.0, ,     0.0, ,     0.0, ,     0.0, ,     0.0, ,     0.1, ,    14.4, ,    49.8, ,   143.8, ,   101.9, ,    34.3, ,     0.0, ,    14.5, ,
1977,     8.2, ,     1.8, ,     3.0, ,     2.3, ,     2.9, ,     0.0, ,     0.0, ,     0.0, ,     0.0, ,     0.1, ,    17.7, ,    26.8, ,    62.8, ,    59.8, ,     8.2, ,     0.0, ,    17.8, ,
1978,    33.6, ,    18.7, ,     2.0, ,     7.4, ,     0.0, ,     0.0, ,     0.0, ,     0.0, ,     0.0, ,     0.0, ,    23.8, ,    13.0, ,    98.5, ,    79.1, ,     9.3, ,     0.0, ,    23.8, ,
1979,     5.7, ,    31.3, ,     6.2, ,    16.7, ,     4.6, ,     0.0, ,     0.0, ,     0.0, ,     0.0, ,     0.0, ,     6.2, ,    19.1, ,    89.7, ,    50.0, ,    27.5, ,     0.0, ,     6.2, ,
1980,    21.9, ,    13.3, ,    24.4, ,    10.5, ,     0.0, ,     0.0, ,     0.0, ,     0.0, ,     0.0, ,     6.7, ,     1.0, ,    31.2, ,   109.2, ,    54.3, ,    35.0, ,     0.0, ,     7.7, ,
1981,     7.5, ,     9.7, ,    12.5, ,     5.6, ,     0.0, ,     0.0, ,     0.0, ,     0.0, ,     0.0, ,     1.5, ,     1.3, ,     4.4, ,    42.5, ,    48.4, ,    18.1, ,     0.0, ,     2.8, ,
1982,    50.6, ,    13.7, ,    53.2, ,     9.5, ,     0.9, ,     0.0, ,     0.0, ,     0.0, ,     0.2, ,     0.7, ,     7.2, ,     6.2, ,   142.3, ,    68.7, ,    63.6, ,     0.0, ,     8.2, ,
1983,    16.4, ,    13.4, ,    12.2, ,     4.2, ,     1.2, ,     0.0, ,     0.0, ,     0.0, ,     0.0, ,     0.2, ,    14.9, ,    28.9, ,    91.4, ,    36.0, ,    17.6, ,     0.0, ,    15.1, ,
1984,    29.3, ,     0.0, ,    15.9, ,     0.0, ,     0.0, ,     0.0, ,     0.0, ,     0.0, ,     9.3, ,    57.4, ,    22.1, ,    44.3, ,   178.4, ,    58.2, ,    15.9, ,     0.0, ,    88.9, ,
1985,     6.5, ,    17.0, ,     5.5, ,    39.1, ,     0.0, ,     0.0, ,     0.0, ,     0.0, ,     9.2, ,     3.8, ,    18.3, ,    15.6, ,   115.1, ,    67.9, ,    44.5, ,     0.0, ,    31.4, ,
1986,     5.3, ,    27.8, ,    24.0, ,     6.7, ,    18.5, ,     0.0, ,     0.0, ,     0.0, ,     0.0, ,     0.3, ,    31.4, ,     3.5, ,   117.5, ,    48.8, ,    49.1, ,     0.0, ,    31.8, ,
1987,    10.1, ,    20.3, ,    43.3, ,    11.2, ,     0.9, ,     0.0, ,     0.0, ,     0.0, ,     0.0, ,     0.0, ,     4.6, ,    22.2, ,   112.6, ,    33.9, ,    55.4, ,     0.0, ,     4.6, ,
1988,     1.4, ,    24.6, ,    79.0, ,     0.5, ,     0.0, ,     0.0, ,     0.0, ,     0.0, ,     0.0, ,     0.0, ,     0.3, ,    25.8, ,   131.6, ,    48.2, ,    79.4, ,     0.0, ,     0.3, ,
1989,    15.2, , -9999.9,M,     4.7, ,    14.0, ,     5.8, ,     0.0, ,     0.0, ,     0.0, ,     0.0, ,    17.7, ,    25.9, ,    41.2, , -9999.9,M, -9999.9,M,    24.6, ,     0.0, ,    43.5, ,
1990,    20.1, ,    18.8, ,    32.8, ,    29.2, ,     0.1, ,     0.0, ,     0.0, ,     0.0, ,     0.0, ,    10.9, ,    35.4, ,    25.0, ,   172.4, ,    80.1, ,    62.1, ,     0.0, ,    46.3, ,
1991,    38.0, ,    27.1, ,     8.7, ,    21.1, ,     0.0, ,     0.0, ,     0.0, , -9999.9,M,     0.0, ,    45.3, ,    14.6, ,     9.5, , -9999.9,M,    90.2, ,    29.8, , -9999.9,M,    59.8, ,
1992,    21.1, ,    33.8, ,     7.7, ,    11.8, ,    13.7, ,     0.0, ,     0.0, ,     0.6, ,     9.4, ,     4.8, ,    22.6, ,    45.6, ,   170.9, ,    64.3, ,    33.2, ,     0.6, ,    36.7, ,
1993,    10.2, ,    10.0, ,    30.4, ,    22.3, ,     0.0, ,     0.0, ,     0.0, ,     0.0, ,     0.0, ,    16.8, ,    23.7, ,    13.2, ,   126.7, ,    65.8, ,    52.7, ,     0.0, ,    40.5, ,
1994,    71.9, ,    23.4, ,     1.6, ,     4.1, ,     0.0, ,     0.0, ,     0.0, ,     0.0, ,     0.0, ,     8.3, ,    30.4, ,    23.0, ,   162.7, ,   108.5, ,     5.7, ,     0.0, ,    38.7, ,
1995,    16.5, ,     7.2, ,    12.7, ,     6.9, ,     0.0, ,     0.0, ,     0.0, ,     0.0, ,     1.2, ,     8.2, ,    47.7, ,    21.7, ,   122.1, ,    46.8, ,    19.6, ,     0.0, ,    57.1, ,
1996,    52.0, ,     5.4, ,    34.9, ,     5.5, ,    15.3, ,     0.0, ,     0.0, ,     0.0, ,     8.5, ,     3.5, ,    61.8, ,    19.7, ,   206.7, ,    79.2, ,    55.7, ,     0.0, ,    73.8, ,
1997,    18.9, ,    12.9, ,    28.0, ,     1.6, ,     1.4, ,     0.0, ,     0.0, ,     0.0, ,    14.0, ,    10.2, ,     6.4, ,     8.6, ,   102.1, ,    51.5, ,    31.0, ,     0.0, ,    30.6, ,
1998,    27.4, ,     5.1, ,    24.2, ,     1.5, ,     0.0, ,     0.0, ,     0.0, ,     0.0, ,     0.0, ,     1.6, ,    31.4, ,    39.7, ,   130.9, ,    41.1, ,    25.7, ,     0.0, ,    33.0, ,
1999,    62.0, ,     8.5, ,    31.2, ,     9.6, ,     2.9, ,     0.0, ,     0.0, ,     0.0, ,     3.5, ,    11.4, ,    20.3, ,     7.6, ,   157.0, ,   110.2, ,    43.7, ,     0.0, ,    35.3, ,
2000,    45.5, ,    17.4, ,    36.3, ,    18.8, ,     0.1, ,     0.0, ,     0.0, ,     0.0, ,     0.2, ,     5.4, ,    13.9, ,    12.1, ,   149.6, ,    70.4, ,    55.2, ,     0.0, ,    19.5, ,
2001,     1.5, ,    23.6, ,    11.1, ,     0.9, ,     0.1, ,     0.0, ,     0.0, ,     0.0, , -9999.9,M, -9999.9,M, -9999.9,M, -9999.9,M, -9999.9,M,    37.1, ,    12.1, ,     0.0, , -9999.9,M,
2002, -9999.9,M, -9999.9,M, -9999.9,M, -9999.9,M, -9999.9,M, -9999.9,M, -9999.9,M, -9999.9,M, -9999.9,M, -9999.9,M, -9999.9,M, -9999.9,M, -9999.9,M, -9999.9,M, -9999.9,M, -9999.9,M, -9999.9,M,
2003, -9999.9,M, -9999.9,M, -9999.9,M, -9999.9,M, -9999.9,M, -9999.9,M, -9999.9,M, -9999.9,M, -9999.9,M, -9999.9,M, -9999.9,M, -9999.9,M, -9999.9,M, -9999.9,M, -9999.9,M, -9999.9,M, -9999.9,M,
2004, -9999.9,M, -9999.9,M, -9999.9,M, -9999.9,M, -9999.9,M, -9999.9,M, -9999.9,M, -9999.9,M, -9999.9,M, -9999.9,M, -9999.9,M, -9999.9,M, -9999.9,M, -9999.9,M, -9999.9,M, -9999.9,M, -9999.9,M,
2005, -9999.9,M, -9999.9,M, -9999.9,M, -9999.9,M, -9999.9,M, -9999.9,M, -9999.9,M, -9999.9,M, -9999.9,M, -9999.9,M, -9999.9,M, -9999.9,M, -9999.9,M, -9999.9,M, -9999.9,M, -9999.9,M, -9999.9,M,
2006, -9999.9,M, -9999.9,M, -9999.9,M, -9999.9,M, -9999.9,M, -9999.9,M, -9999.9,M, -9999.9,M, -9999.9,M, -9999.9,M, -9999.9,M, -9999.9,M, -9999.9,M, -9999.9,M, -9999.9,M, -9999.9,M, -9999.9,M,
2007, -9999.9,M, -9999.9,M, -9999.9,M, -9999.9,M, -9999.9,M, -9999.9,M, -9999.9,M, -9999.9,M, -9999.9,M, -9999.9,M, -9999.9,M, -9999.9,M, -9999.9,M, -9999.9,M, -9999.9,M, -9999.9,M, -9999.9,M,
2008, -9999.9,M, -9999.9,M, -9999.9,M, -9999.9,M, -9999.9,M, -9999.9,M, -9999.9,M, -9999.9,M, -9999.9,M, -9999.9,M, -9999.9,M, -9999.9,M, -9999.9,M, -9999.9,M, -9999.9,M, -9999.9,M, -9999.9,M,
2009, -9999.9,M, -9999.9,M, -9999.9,M, -9999.9,M, -9999.9,M, -9999.9,M, -9999.9,M, -9999.9,M, -9999.9,M, -9999.9,M, -9999.9,M, -9999.9,M, -9999.9,M, -9999.9,M, -9999.9,M, -9999.9,M, -9999.9,M,
2010, -9999.9,M, -9999.9,M, -9999.9,M, -9999.9,M, -9999.9,M, -9999.9,M, -9999.9,M, -9999.9,M, -9999.9,M, -9999.9,M, -9999.9,M, -9999.9,M, -9999.9,M, -9999.9,M, -9999.9,M, -9999.9,M, -9999.9,M,
2011, -9999.9,M, -9999.9,M, -9999.9,M, -9999.9,M, -9999.9,M, -9999.9,M, -9999.9,M, -9999.9,M, -9999.9,M, -9999.9,M, -9999.9,M, -9999.9,M, -9999.9,M, -9999.9,M, -9999.9,M, -9999.9,M, -9999.9,M,
2012, -9999.9,M, -9999.9,M, -9999.9,M, -9999.9,M, -9999.9,M, -9999.9,M, -9999.9,M, -9999.9,M, -9999.9,M, -9999.9,M, -9999.9,M, -9999.9,M, -9999.9,M, -9999.9,M, -9999.9,M, -9999.9,M, -9999.9,M,
2013, -9999.9,M, -9999.9,M, -9999.9,M, -9999.9,M, -9999.9,M, -9999.9,M, -9999.9,M, -9999.9,M, -9999.9,M, -9999.9,M, -9999.9,M, -9999.9,M, -9999.9,M, -9999.9,M, -9999.9,M, -9999.9,M, -9999.9,M,
2014, -9999.9,M, -9999.9,M, -9999.9,M, -9999.9,M, -9999.9,M, -9999.9,M, -9999.9,M, -9999.9,M, -9999.9,M, -9999.9,M, -9999.9,M, -9999.9,M, -9999.9,M, -9999.9,M, -9999.9,M, -9999.9,M, -9999.9,M,
2015, -9999.9,M, -9999.9,M, -9999.9,M, -9999.9,M, -9999.9,M, -9999.9,M, -9999.9,M, -9999.9,M, -9999.9,M, -9999.9,M, -9999.9,M, -9999.9,M, -9999.9,M, -9999.9,M, -9999.9,M, -9999.9,M, -9999.9,M,
2016, -9999.9,M, -9999.9,M, -9999.9,M, -9999.9,M, -9999.9,M, -9999.9,M, -9999.9,M, -9999.9,M, -9999.9,M, -9999.9,M, -9999.9,M, -9999.9,M, -9999.9,M, -9999.9,M, -9999.9,M, -9999.9,M, -9999.9,M,
2017, -9999.9,M, -9999.9,M, -9999.9,M, -9999.9,M, -9999.9,M, -9999.9,M, -9999.9,M, -9999.9,M, -9999.9,M, -9999.9,M, -9999.9,M, -9999.9,M, -9999.9,M, -9999.9,M, -9999.9,M, -9999.9,M, -9999.9,M,
