3072539,FAIRVIEW THREE FOX FARM  ,AB,station joined    , Monthly total of daily adjusted snowfall, mm, Updated to December 2017
3072539,FAIRVIEW THREE FOX FARM  ,AB,station jointe    , Total mensuel des chutes de neige quotidiennes ajustées, mm,  Mise à jour jusqu à décembre 2017
Year,     Jan, ,     Feb, ,     Mar, ,     Apr, ,     May, ,     Jun, ,     Jul, ,     Aug, ,     Sep, ,     Oct, ,     Nov, ,     Dec, ,  Annual, ,  Winter, ,  Spring, ,  Summer, ,  Autumn
An  ,    Janv, ,     Fév, ,    Mars, ,     Avr, ,     Mai, ,    Juin, ,    Juil, ,    Août, ,    Sept, ,     Oct, ,     Nov, ,     Déc, ,  Annuel, ,   Hiver, ,Printemp, ,     Eté, , Automne
1932,    64.2, ,    66.2, ,    22.9, ,    60.7, ,     2.8, ,     0.0, ,     0.0, ,     0.0, ,     0.0, ,    52.2, ,    44.7, ,    11.3, ,   325.0, ,   -10.0, ,    86.3, ,     0.0, ,    96.9, ,
1933,    46.0, ,    69.2, ,    18.8, ,    12.7, ,     0.0, ,     5.8, ,     0.0, ,     0.0, ,    22.5, ,    53.0, ,    56.3, ,   107.0, ,   391.4, ,   126.4, ,    31.5, ,     5.8, ,   131.9, ,
1934,    60.4, ,    11.2, ,    13.3, ,     8.0, ,     0.0, ,     0.0, ,     0.0, ,     0.0, ,    13.4, ,     5.5, ,    34.4, ,    16.7, ,   163.0, ,   178.6, ,    21.3, ,     0.0, ,    53.3, ,
1935,    52.5, ,     4.4, ,    60.1, ,    16.8, ,     3.6, ,     0.2, ,     0.0, ,     0.0, ,     0.0, ,    21.3, ,    50.5, ,    27.0, ,   236.5, ,    73.6, ,    80.5, ,     0.2, ,    71.8, ,
1936,    61.8, ,     6.0, ,    22.8, ,    40.5, ,     0.0, ,     0.0, ,     0.0, ,     0.0, ,    79.9, ,     4.2, ,     4.6, ,    53.6, ,   273.3, ,    94.9, ,    63.2, ,     0.0, ,    88.7, ,
1937,    37.9, ,     3.3, ,    15.8, ,     9.6, ,     0.0, ,     0.0, ,     0.0, ,     0.0, ,     2.5, ,    16.5, ,    40.1, ,    59.7, ,   185.5, ,    94.8, ,    25.4, ,     0.0, ,    59.2, ,
1938,    18.4, ,    34.1, ,    31.2, ,    15.9, ,     1.4, ,     0.0, ,     0.0, ,     0.0, ,     0.0, ,     3.3, ,    27.1, ,    32.9, ,   164.3, ,   112.2, ,    48.6, ,     0.0, ,    30.4, ,
1939,    59.2, ,    32.8, ,    37.7, ,    29.6, ,     1.4, ,     0.0, ,     0.0, ,     0.0, ,     0.2, ,    28.7, ,    20.6, ,    35.0, ,   245.1, ,   124.8, ,    68.7, ,     0.0, ,    49.5, ,
1940,    12.5, ,    19.6, ,     0.0, ,    19.9, ,     0.0, ,     0.0, ,     0.0, ,     0.0, ,     0.0, ,     0.0, ,    67.2, ,    16.3, ,   135.5, ,    67.1, ,    19.9, ,     0.0, ,    67.2, ,
1941, -9999.9,M,    24.0, ,    15.1, ,     0.2, ,     0.9, ,     0.0, ,     0.0, ,    11.2, ,     6.7, ,    19.6, ,    28.6, ,    19.6, , -9999.9,M, -9999.9,M,    16.2, ,    11.2, ,    54.9, ,
1942,     0.3, ,    11.4, ,    51.5, ,    13.3, ,     0.0, ,     0.0, ,     0.0, ,     0.0, ,     0.0, ,     3.4, ,    27.4, ,    55.9, ,   163.2, ,    31.3, ,    64.8, ,     0.0, ,    30.8, ,
1943,     1.4, ,    25.2, ,    47.5, ,     0.2, ,     7.3, ,     0.0, ,     0.0, ,     0.0, ,     0.0, ,     5.8, ,     0.0, ,    24.3, ,   111.7, ,    82.5, ,    55.0, ,     0.0, ,     5.8, ,
1944,    13.1, ,    72.7, ,    28.8, ,     2.9, ,     0.0, ,     0.0, ,     0.0, ,     0.0, ,     4.2, ,     2.2, ,    46.2, ,    20.7, ,   190.7, ,   110.1, ,    31.7, ,     0.0, ,    52.6, ,
1945,    43.8, ,    25.2, ,    11.2, ,    15.9, ,     0.0, ,     0.0, ,     0.0, ,     0.0, ,     7.0, ,    40.5, ,    62.5, ,    27.9, ,   234.1, ,    89.6, ,    27.2, ,     0.0, ,   110.0, ,
1946,    45.6, ,    18.1, ,    13.4, ,     0.2, ,     0.0, ,     0.0, ,     0.0, ,     0.2, ,     0.0, ,    13.5, ,    20.5, ,    87.3, ,   199.0, ,    91.7, ,    13.6, ,     0.2, ,    34.0, ,
1947,    41.1, ,    92.1, ,    11.3, ,    24.1, ,     0.0, ,     0.0, ,     0.0, ,     0.0, ,     0.0, ,    13.6, ,    24.4, ,    38.5, ,   245.2, ,   220.6, ,    35.4, ,     0.0, ,    38.1, ,
1948,    14.4, ,    66.5, ,    25.1, ,    67.2, ,     0.0, ,     0.0, ,     0.0, ,     0.0, ,     0.0, ,     0.3, ,    33.4, ,    58.2, ,   265.2, ,   119.5, ,    92.3, ,     0.0, ,    33.8, ,
1949,    24.5, ,    43.8, ,    12.6, ,     0.0, ,     4.5, ,     0.0, ,     0.0, ,     0.0, ,     0.0, ,    15.1, ,    15.2, ,    53.1, ,   168.9, ,   126.5, ,    17.2, ,     0.0, ,    30.2, ,
1950,    15.7, ,    61.4, ,     7.8, ,    29.0, ,     0.0, ,     0.0, ,     0.0, ,    22.7, ,     0.0, ,    20.2, ,    74.3, ,    23.8, ,   254.9, ,   130.2, ,    36.8, ,    22.7, ,    94.5, ,
1951,    28.8, ,    42.3, ,    34.2, ,    14.3, ,     5.9, ,     2.8, ,     0.0, ,     0.0, ,    13.1, ,    40.7, ,    35.4, ,    23.3, ,   240.9, ,    94.9, ,    54.4, ,     2.8, ,    89.2, ,
1952,    71.0, ,    10.8, ,    25.3, ,    15.4, ,     0.0, ,     0.0, ,     0.0, ,     0.0, ,     0.0, ,     2.8, ,     9.5, ,    19.6, ,   154.3, ,   105.1, ,    40.7, ,     0.0, ,    12.2, ,
1953,    71.0, ,    16.2, ,    55.6, ,     3.7, ,     0.0, ,     0.0, ,     0.0, ,     0.0, ,     1.1, ,    17.6, ,     9.0, ,    74.8, ,   248.9, ,   106.7, ,    59.3, ,     0.0, ,    27.7, ,
1954,    26.2, ,    43.9, ,    31.5, ,    11.9, ,     0.0, ,     0.0, ,     0.0, ,     0.0, ,     4.0, ,     5.6, ,    17.3, ,    41.8, ,   182.0, ,   144.9, ,    43.3, ,     0.0, ,    26.8, ,
1955,    14.3, ,    41.4, ,    45.4, ,    48.4, ,     2.2, ,     0.2, ,     0.0, ,     0.0, ,     6.4, ,    57.3, ,    24.7, ,    48.1, ,   288.4, ,    97.5, ,    96.0, ,     0.2, ,    88.4, ,
1956,    35.2, ,    43.3, ,    26.2, ,     9.0, ,     0.0, ,     0.0, , -9999.9,M, -9999.9,M, -9999.9,M, -9999.9,M, -9999.9,M, -9999.9,M, -9999.9,M,   126.6, ,    35.2, , -9999.9,M, -9999.9,M,
1957, -9999.9,M,    25.6, ,    15.4, ,     1.3, ,     0.2, ,     0.0, ,     0.0, ,     0.0, ,     0.0, ,    42.0, ,    37.9, ,    32.5, , -9999.9,M, -9999.9,M,    16.9, ,     0.0, ,    79.9, ,
1958,    17.0, ,    34.7, ,    33.6, ,    23.0, ,     1.4, ,     0.0, ,     0.0, ,     0.2, ,     0.0, ,     4.6, ,    26.5, ,    17.4, ,   158.6, ,    84.2, ,    58.1, ,     0.2, ,    31.1, ,
1959,    30.0, ,     5.6, ,    17.0, ,    21.7, ,     7.1, ,     0.0, ,     0.0, ,     0.0, ,     0.0, ,    23.2, ,    33.7, ,     1.6, ,   139.9, ,    53.0, ,    45.9, ,     0.0, ,    56.9, ,
1960,    18.6, ,    15.9, ,    29.9, ,     1.4, ,     1.6, ,     0.0, ,     0.0, ,     0.0, ,     0.0, ,     8.8, ,    15.4, ,    16.8, ,   108.2, ,    36.0, ,    32.9, ,     0.0, ,    24.1, ,
1961,    16.0, ,    38.6, ,    21.8, ,    21.5, ,     8.2, ,     0.0, ,     0.0, ,     0.0, ,     0.4, ,    10.2, ,    16.9, ,    28.3, ,   161.9, ,    71.4, ,    51.5, ,     0.0, ,    27.5, ,
1962,    45.7, ,     4.7, ,    19.7, ,    19.0, ,     6.9, ,     0.0, ,     0.0, ,     0.0, ,     0.4, ,    15.4, ,    24.4, ,    38.0, ,   174.2, ,    78.7, ,    45.7, ,     0.0, ,    40.2, ,
1963,    45.5, ,    39.9, ,    45.0, ,     5.7, ,     1.4, ,     0.0, ,     0.0, ,     0.0, ,     0.2, ,     0.4, ,    59.4, ,    39.3, ,   236.9, ,   123.4, ,    52.1, ,     0.0, ,    60.0, ,
1964,    26.6, ,    21.5, ,    53.7, ,    13.5, ,     0.2, ,     0.0, ,     0.0, ,     0.0, ,     0.2, ,     0.8, ,    60.5, ,    31.3, ,   208.2, ,    87.5, ,    67.4, ,     0.0, ,    61.4, ,
1965,    50.9, ,    70.7, ,     6.4, ,    19.7, ,     0.2, ,     0.0, ,     0.0, ,     0.0, ,     2.4, ,     0.0, ,    34.7, ,    11.5, ,   196.6, ,   152.9, ,    26.4, ,     0.0, ,    37.1, ,
1966,    71.1, ,    25.8, ,    23.5, ,    54.2, ,     0.2, ,     0.0, ,     0.0, ,     0.0, ,     0.0, ,    14.9, ,    66.9, ,    52.7, ,   309.4, ,   108.4, ,    77.9, ,     0.0, ,    81.8, ,
1967,    58.7, ,    47.2, ,    44.2, ,    30.8, ,     0.0, ,     0.0, ,     0.0, ,     0.0, ,     0.0, ,     3.2, ,    23.0, ,    46.5, ,   253.5, ,   158.5, ,    75.0, ,     0.0, ,    26.2, ,
1968,    52.9, ,    36.3, ,    37.7, ,     4.2, ,     1.5, ,     0.0, ,     0.0, ,     0.0, ,     0.0, ,    16.9, ,    18.2, ,    34.9, ,   202.5, ,   135.6, ,    43.4, ,     0.0, ,    35.1, ,
1969,    27.6, ,    21.6, ,    20.9, ,    35.8, ,     9.8, ,     0.0, ,     0.0, ,     0.0, ,    21.2, ,    24.0, ,    61.9, ,     7.2, ,   229.9, ,    84.1, ,    66.4, ,     0.0, ,   107.1, ,
1970,    33.0, ,    22.5, ,    36.9, ,     2.0, ,     0.1, ,     0.0, ,     0.0, ,     0.0, ,     0.4, ,     0.4, ,    31.3, ,    52.1, ,   178.9, ,    62.8, ,    38.9, ,     0.0, ,    32.2, ,
1971,    71.9, ,    12.8, ,     6.8, ,    12.6, ,     0.0, ,     0.0, ,     0.0, ,     0.0, ,     0.1, ,     0.8, ,    26.3, ,    46.4, ,   177.8, ,   136.8, ,    19.5, ,     0.0, ,    27.2, ,
1972,    26.9, ,    67.4, ,    52.2, ,    12.4, ,     0.1, ,     0.0, ,     0.0, ,     0.0, ,    17.9, ,     7.5, ,    28.4, ,    57.3, ,   270.3, ,   140.8, ,    64.8, ,     0.0, ,    53.8, ,
1973,    45.1, ,    33.2, ,    11.5, ,     4.5, ,     0.0, ,     0.0, ,     0.0, ,    11.2, ,     0.0, ,     5.8, ,    36.9, ,    23.0, ,   171.3, ,   135.6, ,    16.1, ,    11.2, ,    42.7, ,
1974,    75.8, ,    28.3, ,    57.8, ,    23.1, ,     1.5, ,     0.0, ,     0.0, ,     0.0, ,    32.3, ,     0.3, ,    21.3, ,    16.4, ,   256.9, ,   127.0, ,    82.4, ,     0.0, ,    54.0, ,
1975,    16.8, ,     5.2, ,    17.5, ,     0.2, ,     7.9, ,     0.0, ,     0.0, ,     0.0, ,     0.0, ,    19.7, ,    31.6, ,    53.9, ,   152.8, ,    38.4, ,    25.6, ,     0.0, ,    51.3, ,
1976,    25.7, ,    42.3, ,    25.9, ,     0.2, ,     0.1, ,     0.0, ,     0.0, ,     0.0, ,     0.0, ,     0.3, ,     1.4, ,    89.9, ,   185.9, ,   122.0, ,    26.2, ,     0.0, ,     1.8, ,
1977,    28.6, ,    13.0, ,     6.4, ,     1.8, ,     0.0, ,     0.0, ,     0.0, ,     0.0, ,     0.0, ,    51.7, ,    38.4, ,    13.3, ,   153.1, ,   131.4, ,     8.1, ,     0.0, ,    90.1, ,
1978,    16.6, ,     7.7, ,    22.0, ,     0.3, ,    12.7, ,     0.0, ,     0.0, ,     0.0, ,     0.0, ,     0.1, ,    39.4, ,    20.3, ,   119.1, ,    37.6, ,    35.0, ,     0.0, ,    39.5, ,
1979,     8.1, ,    97.5, ,     9.7, ,    28.6, ,     4.5, ,     0.0, ,     0.0, ,     0.0, ,     0.0, ,     1.1, ,     0.1, ,    22.2, ,   171.8, ,   126.0, ,    42.8, ,     0.0, ,     1.2, ,
1980,    24.5, ,    14.3, ,    31.5, ,     3.4, ,     0.0, ,     0.0, ,     0.0, ,     0.0, ,     0.1, ,     6.7, ,     3.7, ,    95.2, ,   179.4, ,    61.0, ,    34.9, ,     0.0, ,    10.6, ,
1981,    18.8, ,    12.6, ,     1.2, ,    15.0, ,     0.0, ,     0.0, ,     0.0, ,     0.0, ,     0.0, ,     5.9, ,    12.9, ,    24.9, ,    91.3, ,   126.6, ,    16.2, ,     0.0, ,    18.8, ,
1982,    80.7, ,    22.9, ,    45.2, ,     8.1, ,     5.5, ,     0.0, ,     0.0, ,     0.0, ,     0.0, ,    12.1, ,    26.3, ,    23.2, ,   224.1, ,   128.5, ,    58.9, ,     0.0, ,    38.4, ,
1983,    18.1, ,    13.8, ,    19.6, ,     5.8, ,     7.0, ,     0.0, ,     0.0, ,     0.0, ,     0.1, ,     7.8, ,    19.4, ,    20.5, ,   112.1, ,    55.1, ,    32.5, ,     0.0, ,    27.3, ,
1984,    35.5, ,     5.8, ,    11.4, ,     1.4, ,    11.0, ,     0.0, ,     0.0, ,     3.3, ,     0.1, ,    41.0, ,    26.8, ,    24.0, ,   160.5, ,    61.8, ,    23.9, ,     3.3, ,    68.0, ,
1985,    22.3, ,    53.2, ,    11.8, ,     0.8, ,     0.0, ,     0.0, ,     0.0, ,     0.0, ,     0.2, ,    17.9, ,    20.2, ,     8.0, ,   134.5, ,    99.6, ,    12.5, ,     0.0, ,    38.4, ,
1986,    31.3, ,    15.3, ,    25.7, ,    58.6, ,     0.0, ,     0.0, ,     0.0, ,     0.0, ,     0.0, ,    24.6, ,    29.1, ,     2.3, ,   187.1, ,    54.7, ,    84.4, ,     0.0, ,    53.8, ,
1987,    15.6, ,    26.1, ,    37.9, ,     5.8, ,     0.0, ,     0.0, ,     0.0, ,     0.0, ,     0.0, ,     0.0, ,     2.4, ,    25.5, ,   113.4, ,    44.0, ,    43.8, ,     0.0, ,     2.4, ,
1988,    40.0, ,    19.1, ,    15.6, ,     6.6, ,     1.1, ,     0.0, ,     0.0, ,     0.0, ,     0.1, ,    10.3, ,    25.0, ,    18.3, ,   136.2, ,    84.7, ,    23.3, ,     0.0, ,    35.4, ,
1989,    28.9, ,    11.2, ,    33.2, ,     0.1, ,    15.4, ,     0.0, ,     0.0, ,     0.0, ,     3.4, ,    13.2, ,    26.0, ,    22.3, ,   153.8, ,    58.4, ,    48.7, ,     0.0, ,    42.6, ,
1990,    39.5, ,    43.1, ,    18.9, ,    24.8, ,    11.0, ,     0.0, ,     0.0, ,     0.0, ,     0.0, ,    35.5, ,    47.5, ,    41.6, ,   261.9, ,   104.9, ,    54.7, ,     0.0, ,    83.1, ,
1991,     5.9, ,    13.2, ,    16.7, ,     0.0, ,     0.0, ,     0.0, ,     0.0, ,     0.0, ,     0.0, ,    13.3, ,    29.9, ,    51.8, ,   130.9, ,    60.7, ,    16.7, ,     0.0, ,    43.2, ,
1992, -9999.9,M, -9999.9,M, -9999.9,M, -9999.9,M, -9999.9,M, -9999.9,M, -9999.9,M, -9999.9,M, -9999.9,M, -9999.9,M, -9999.9,M, -9999.9,M, -9999.9,M, -9999.9,M, -9999.9,M, -9999.9,M, -9999.9,M,
1993, -9999.9,M, -9999.9,M, -9999.9,M, -9999.9,M, -9999.9,M,     0.0, ,     0.0, ,     0.0, ,     0.0, , -9999.9,M,    12.0, ,    27.8, , -9999.9,M, -9999.9,M, -9999.9,M,     0.0, , -9999.9,M,
1994,    99.3, ,    47.3, ,    13.1, ,     0.0, ,     0.0, ,     0.0, ,     0.0, ,     0.0, ,     0.0, ,     2.2, ,    18.5, ,    21.5, ,   201.9, ,   174.4, ,    13.1, ,     0.0, ,    20.7, ,
1995,    11.6, ,    43.9, ,    52.3, ,    15.8, ,     0.0, ,     0.0, ,     0.0, ,     0.0, ,     0.0, ,     7.1, ,   100.8, ,    28.4, ,   260.0, ,    77.0, ,    68.1, ,     0.0, ,   107.9, ,
1996,    23.6, ,    31.6, ,    34.9, ,     2.2, ,     2.7, ,     0.0, ,     0.0, ,     0.0, ,     0.0, ,    23.8, ,    57.8, ,    26.7, ,   203.2, ,    83.6, ,    39.8, ,     0.0, ,    81.5, ,
1997,    25.1, ,    23.2, ,    40.3, ,    10.9, ,     4.8, ,     0.0, ,     0.0, ,     0.0, ,     0.0, , -9999.9,M, -9999.9,M, -9999.9,M, -9999.9,M,    75.0, ,    56.0, ,     0.0, , -9999.9,M,
1998,    28.3, ,    14.2, ,    16.4, ,     0.0, ,     0.0, ,     0.0, ,     0.0, ,     0.0, ,     0.0, ,     0.8, ,    26.2, ,    37.1, ,   122.9, , -9999.9,M,    16.4, ,     0.0, ,    26.9, ,
1999,    43.6, ,    17.4, ,    19.0, ,     0.0, ,     0.0, ,     0.0, ,     0.0, ,     0.0, ,     0.0, ,     0.0, ,    25.7, , -9999.9,M, -9999.9,M,    98.1, ,    19.0, ,     0.0, ,    25.7, ,
2000, -9999.9,M, -9999.9,M, -9999.9,M, -9999.9,M, -9999.9,M, -9999.9,M, -9999.9,M, -9999.9,M, -9999.9,M, -9999.9,M, -9999.9,M, -9999.9,M, -9999.9,M, -9999.9,M, -9999.9,M, -9999.9,M, -9999.9,M,
2001, -9999.9,M, -9999.9,M, -9999.9,M, -9999.9,M, -9999.9,M, -9999.9,M, -9999.9,M, -9999.9,M, -9999.9,M, -9999.9,M, -9999.9,M, -9999.9,M, -9999.9,M, -9999.9,M, -9999.9,M, -9999.9,M, -9999.9,M,
2002, -9999.9,M, -9999.9,M, -9999.9,M, -9999.9,M, -9999.9,M, -9999.9,M, -9999.9,M, -9999.9,M, -9999.9,M, -9999.9,M, -9999.9,M, -9999.9,M, -9999.9,M, -9999.9,M, -9999.9,M, -9999.9,M, -9999.9,M,
2003, -9999.9,M, -9999.9,M, -9999.9,M, -9999.9,M, -9999.9,M, -9999.9,M, -9999.9,M, -9999.9,M, -9999.9,M, -9999.9,M, -9999.9,M, -9999.9,M, -9999.9,M, -9999.9,M, -9999.9,M, -9999.9,M, -9999.9,M,
2004, -9999.9,M, -9999.9,M, -9999.9,M, -9999.9,M, -9999.9,M, -9999.9,M, -9999.9,M, -9999.9,M, -9999.9,M, -9999.9,M, -9999.9,M, -9999.9,M, -9999.9,M, -9999.9,M, -9999.9,M, -9999.9,M, -9999.9,M,
2005, -9999.9,M, -9999.9,M, -9999.9,M, -9999.9,M, -9999.9,M, -9999.9,M, -9999.9,M, -9999.9,M, -9999.9,M, -9999.9,M, -9999.9,M, -9999.9,M, -9999.9,M, -9999.9,M, -9999.9,M, -9999.9,M, -9999.9,M,
2006, -9999.9,M, -9999.9,M, -9999.9,M, -9999.9,M, -9999.9,M, -9999.9,M, -9999.9,M, -9999.9,M, -9999.9,M, -9999.9,M, -9999.9,M, -9999.9,M, -9999.9,M, -9999.9,M, -9999.9,M, -9999.9,M, -9999.9,M,
2007, -9999.9,M, -9999.9,M, -9999.9,M, -9999.9,M, -9999.9,M, -9999.9,M, -9999.9,M, -9999.9,M, -9999.9,M, -9999.9,M, -9999.9,M, -9999.9,M, -9999.9,M, -9999.9,M, -9999.9,M, -9999.9,M, -9999.9,M,
2008, -9999.9,M, -9999.9,M, -9999.9,M, -9999.9,M, -9999.9,M, -9999.9,M, -9999.9,M, -9999.9,M, -9999.9,M, -9999.9,M, -9999.9,M, -9999.9,M, -9999.9,M, -9999.9,M, -9999.9,M, -9999.9,M, -9999.9,M,
2009, -9999.9,M, -9999.9,M, -9999.9,M, -9999.9,M, -9999.9,M, -9999.9,M, -9999.9,M, -9999.9,M, -9999.9,M, -9999.9,M, -9999.9,M, -9999.9,M, -9999.9,M, -9999.9,M, -9999.9,M, -9999.9,M, -9999.9,M,
2010, -9999.9,M, -9999.9,M, -9999.9,M, -9999.9,M, -9999.9,M, -9999.9,M, -9999.9,M, -9999.9,M, -9999.9,M, -9999.9,M, -9999.9,M, -9999.9,M, -9999.9,M, -9999.9,M, -9999.9,M, -9999.9,M, -9999.9,M,
2011, -9999.9,M, -9999.9,M, -9999.9,M, -9999.9,M, -9999.9,M, -9999.9,M, -9999.9,M, -9999.9,M, -9999.9,M, -9999.9,M, -9999.9,M, -9999.9,M, -9999.9,M, -9999.9,M, -9999.9,M, -9999.9,M, -9999.9,M,
2012, -9999.9,M, -9999.9,M, -9999.9,M, -9999.9,M, -9999.9,M, -9999.9,M, -9999.9,M, -9999.9,M, -9999.9,M, -9999.9,M, -9999.9,M, -9999.9,M, -9999.9,M, -9999.9,M, -9999.9,M, -9999.9,M, -9999.9,M,
2013, -9999.9,M, -9999.9,M, -9999.9,M, -9999.9,M, -9999.9,M, -9999.9,M, -9999.9,M, -9999.9,M, -9999.9,M, -9999.9,M, -9999.9,M, -9999.9,M, -9999.9,M, -9999.9,M, -9999.9,M, -9999.9,M, -9999.9,M,
2014, -9999.9,M, -9999.9,M, -9999.9,M, -9999.9,M, -9999.9,M, -9999.9,M, -9999.9,M, -9999.9,M, -9999.9,M, -9999.9,M, -9999.9,M, -9999.9,M, -9999.9,M, -9999.9,M, -9999.9,M, -9999.9,M, -9999.9,M,
2015, -9999.9,M, -9999.9,M, -9999.9,M, -9999.9,M, -9999.9,M, -9999.9,M, -9999.9,M, -9999.9,M, -9999.9,M, -9999.9,M, -9999.9,M, -9999.9,M, -9999.9,M, -9999.9,M, -9999.9,M, -9999.9,M, -9999.9,M,
2016, -9999.9,M, -9999.9,M, -9999.9,M, -9999.9,M, -9999.9,M, -9999.9,M, -9999.9,M, -9999.9,M, -9999.9,M, -9999.9,M, -9999.9,M, -9999.9,M, -9999.9,M, -9999.9,M, -9999.9,M, -9999.9,M, -9999.9,M,
2017, -9999.9,M, -9999.9,M, -9999.9,M, -9999.9,M, -9999.9,M, -9999.9,M, -9999.9,M, -9999.9,M, -9999.9,M, -9999.9,M, -9999.9,M, -9999.9,M, -9999.9,M, -9999.9,M, -9999.9,M, -9999.9,M, -9999.9,M,
