8202000,GREENWOOD                ,NS,station not joined, Monthly total of daily adjusted snowfall, mm, Updated to December 2017
8202000,GREENWOOD                ,NS,station pas jointe, Total mensuel des chutes de neige quotidiennes ajustées, mm,  Mise à jour jusqu à décembre 2017
Year,     Jan, ,     Feb, ,     Mar, ,     Apr, ,     May, ,     Jun, ,     Jul, ,     Aug, ,     Sep, ,     Oct, ,     Nov, ,     Dec, ,  Annual, ,  Winter, ,  Spring, ,  Summer, ,  Autumn
An  ,    Janv, ,     Fév, ,    Mars, ,     Avr, ,     Mai, ,    Juin, ,    Juil, ,    Août, ,    Sept, ,     Oct, ,     Nov, ,     Déc, ,  Annuel, ,   Hiver, ,Printemp, ,     Eté, , Automne
1943,    37.8, ,    71.4, ,    69.4, ,    12.2, ,     0.4, ,     0.0, ,     0.0, ,     0.0, ,     0.0, ,     0.2, ,    27.3, ,    60.8, ,   279.6, ,   -10.0, ,    82.0, ,     0.0, ,    27.5, ,
1944,    51.7, ,   113.2, ,    29.5, ,    14.1, ,     0.0, ,     0.0, ,     0.0, ,     0.0, ,     0.0, ,     0.4, ,     6.1, ,    62.8, ,   277.8, ,   225.7, ,    43.6, ,     0.0, ,     6.5, ,
1945,   130.7, ,   106.4, ,    15.3, ,     0.4, ,     0.2, ,     0.0, ,     0.0, ,     0.0, ,     0.2, ,     0.2, ,    51.5, ,    76.9, ,   381.8, ,   299.8, ,    15.9, ,     0.0, ,    51.9, ,
1946,    52.8, ,    96.8, ,     1.0, ,    61.1, ,     0.0, ,     0.0, ,     0.0, ,     0.0, ,     0.0, ,     0.0, ,     1.9, ,    90.8, ,   304.4, ,   226.5, ,    62.1, ,     0.0, ,     1.9, ,
1947,    37.5, ,    43.1, ,    15.5, ,    11.8, ,     0.0, ,     0.0, ,     0.0, ,     0.0, ,     0.0, ,     0.0, ,     9.0, ,   117.8, ,   234.7, ,   171.3, ,    27.3, ,     0.0, ,     9.0, ,
1948,   133.6, ,    16.5, ,    59.5, ,     7.4, ,     0.2, ,     0.0, ,     0.0, ,     0.0, ,     0.0, ,     0.2, ,     2.5, ,    41.4, ,   261.3, ,   267.9, ,    67.1, ,     0.0, ,     2.7, ,
1949,    46.2, ,    64.6, ,    53.4, ,     1.9, ,     0.0, ,     0.0, ,     0.0, ,     0.0, ,     0.0, ,     0.0, ,     2.7, ,    43.7, ,   212.5, ,   152.1, ,    55.3, ,     0.0, ,     2.7, ,
1950,    79.2, ,    92.1, ,    45.7, ,    36.4, ,     0.0, ,     0.0, ,     0.0, ,     0.0, ,     0.0, ,    14.3, ,     6.8, ,    68.5, ,   342.9, ,   215.0, ,    82.1, ,     0.0, ,    21.1, ,
1951,    78.0, ,    53.9, ,    14.8, ,     0.2, ,     0.4, ,     0.0, ,     0.0, ,     0.0, ,     0.0, ,     0.2, ,    19.2, ,   122.8, ,   289.6, ,   200.4, ,    15.4, ,     0.0, ,    19.4, ,
1952,   167.9, ,   111.5, ,    74.2, ,     0.4, ,     0.0, ,     0.0, ,     0.0, ,     0.0, ,     0.0, ,     0.6, ,    16.1, ,    35.1, ,   405.7, ,   402.2, ,    74.6, ,     0.0, ,    16.7, ,
1953,    31.8, ,    34.3, ,     4.4, ,     0.4, ,     0.0, ,     0.0, ,     0.0, ,     0.0, ,     0.0, ,     0.0, ,     0.8, ,    52.8, ,   124.6, ,   101.2, ,     4.8, ,     0.0, ,     0.8, ,
1954,   171.3, ,   127.0, ,    55.6, ,     8.8, ,     0.2, ,     0.0, ,     0.0, ,     0.0, ,     0.0, ,     0.2, ,    29.0, ,    41.0, ,   433.2, ,   351.1, ,    64.6, ,     0.0, ,    29.2, ,
1955,   149.2, ,    42.2, ,    50.8, ,     7.2, ,     0.0, ,     0.0, ,     0.0, ,     0.0, ,     0.0, ,     0.2, ,    85.5, ,    85.2, ,   420.4, ,   232.5, ,    58.0, ,     0.0, ,    85.7, ,
1956,    64.8, ,   124.9, ,   163.6, ,    19.7, ,     3.4, ,     0.0, ,     0.0, ,     0.0, ,     0.0, ,     0.4, ,    36.0, ,    55.4, ,   468.1, ,   274.9, ,   186.6, ,     0.0, ,    36.4, ,
1957,   175.9, ,    37.9, ,    51.2, ,    26.4, ,     2.0, ,     0.0, ,     0.0, ,     0.0, ,     0.0, ,     9.3, ,     1.6, ,    33.1, ,   337.4, ,   269.2, ,    79.6, ,     0.0, ,    11.0, ,
1958,    25.8, ,    88.9, ,    59.8, ,    60.8, ,     0.4, ,     0.0, ,     0.0, ,     0.0, ,     0.0, ,     0.2, ,    27.2, ,    93.2, ,   356.4, ,   147.8, ,   121.0, ,     0.0, ,    27.5, ,
1959,    94.2, ,   102.5, ,    46.0, ,     1.2, ,     0.0, ,     0.0, ,     0.0, ,     0.0, ,     0.0, ,     6.1, ,    18.2, ,    53.4, ,   321.5, ,   289.9, ,    47.2, ,     0.0, ,    24.3, ,
1960,   125.4, ,    77.3, ,   134.6, ,    18.8, ,     0.0, ,     0.0, ,     0.0, ,     0.0, ,     0.0, ,     0.0, ,     1.3, ,    89.1, ,   446.5, ,   256.1, ,   153.3, ,     0.0, ,     1.3, ,
1961,    93.9, ,    54.4, ,    69.9, ,    27.8, ,     0.0, ,     0.0, ,     0.0, ,     0.0, ,     0.0, ,     1.5, ,     4.0, ,   100.9, ,   352.4, ,   237.4, ,    97.7, ,     0.0, ,     5.5, ,
1962,   112.0, ,   148.7, ,    74.5, ,    40.0, ,     0.4, ,     0.0, ,     0.0, ,     0.0, ,     0.0, ,     0.6, ,    16.1, ,    64.2, ,   456.5, ,   361.6, ,   115.0, ,     0.0, ,    16.7, ,
1963,    78.5, ,   110.0, ,    60.3, ,    76.1, ,     7.5, ,     0.0, ,     0.0, ,     0.0, ,     0.0, ,     0.0, ,     3.5, ,   151.2, ,   487.1, ,   252.6, ,   143.9, ,     0.0, ,     3.5, ,
1964,    71.0, ,   119.3, ,    54.6, ,    25.5, ,     0.0, ,     0.0, ,     0.0, ,     0.0, ,     0.0, ,     0.0, ,    43.3, ,   122.7, ,   436.3, ,   341.4, ,    80.0, ,     0.0, ,    43.3, ,
1965,   127.3, ,    75.8, ,    26.9, ,    19.9, ,     0.0, ,     0.0, ,     0.0, ,     0.0, ,     0.0, ,     8.2, ,     9.7, ,    56.0, ,   323.8, ,   325.8, ,    46.9, ,     0.0, ,    17.9, ,
1966,    89.7, ,    45.5, ,    35.5, ,     6.1, ,    11.0, ,     0.0, ,     0.0, ,     0.0, ,     0.0, ,     0.0, ,     2.5, ,    34.4, ,   224.6, ,   191.2, ,    52.6, ,     0.0, ,     2.5, ,
1967,    65.2, ,   113.5, ,    87.8, ,    19.6, ,     0.6, ,     0.0, ,     0.0, ,     0.0, ,     0.0, ,     0.0, ,    35.6, ,    66.7, ,   389.1, ,   213.1, ,   108.1, ,     0.0, ,    35.6, ,
1968,   101.1, ,    54.7, ,    27.9, ,     0.0, ,     0.0, ,     0.0, ,     0.0, ,     0.0, ,     0.0, ,     0.2, ,    39.1, ,   102.2, ,   325.0, ,   222.4, ,    27.9, ,     0.0, ,    39.3, ,
1969,   110.8, ,    61.7, ,    17.1, ,     8.4, ,     0.4, ,     0.0, ,     0.0, ,     0.0, ,     0.0, ,    19.2, ,     6.5, ,    40.8, ,   264.8, ,   274.6, ,    25.9, ,     0.0, ,    25.7, ,
1970,    83.7, ,    39.4, ,    80.7, ,    28.9, ,     0.0, ,     0.0, ,     0.0, ,     0.0, ,     0.0, ,     3.8, ,     5.4, ,   237.8, ,   479.7, ,   163.9, ,   109.6, ,     0.0, ,     9.2, ,
1971,   114.2, ,    87.0, ,   103.8, ,    50.9, ,     0.0, ,     0.0, ,     0.0, ,     0.0, ,     0.0, ,     0.0, ,    45.2, ,    79.6, ,   480.8, ,   439.0, ,   154.8, ,     0.0, ,    45.2, ,
1972,    96.1, ,   131.5, ,   104.7, ,   102.1, ,    24.1, ,     0.0, ,     0.0, ,     0.0, ,     0.0, ,    11.0, ,    39.9, ,    96.3, ,   605.7, ,   307.2, ,   230.9, ,     0.0, ,    50.9, ,
1973,    56.8, ,   114.8, ,    17.9, ,     9.0, ,     0.2, ,     0.0, ,     0.0, ,     0.0, ,     0.0, ,     0.0, ,     3.3, ,    19.3, ,   221.4, ,   267.9, ,    27.2, ,     0.0, ,     3.3, ,
1974,    71.3, ,   111.6, ,    34.4, ,    30.1, ,    21.8, ,     0.0, ,     0.0, ,     0.0, ,     0.0, ,    38.2, ,    18.9, ,    32.1, ,   358.2, ,   202.3, ,    86.2, ,     0.0, ,    57.0, ,
1975,   158.2, ,   104.7, ,   164.2, ,    38.6, ,     0.0, ,     0.0, ,     0.0, ,     0.0, ,     0.0, ,     1.3, ,    11.5, ,    84.7, ,   563.1, ,   294.9, ,   202.8, ,     0.0, ,    12.7, ,
1976,   132.0, ,    65.4, ,    75.7, ,    12.0, ,     0.0, ,     0.0, ,     0.0, ,     0.0, ,     0.0, ,     7.2, ,    12.9, ,   113.8, ,   418.9, ,   282.1, ,    87.7, ,     0.0, ,    20.1, ,
1977,    95.2, ,    66.1, ,    97.1, ,     8.0, ,     9.4, ,     0.0, ,     0.0, ,     0.0, ,     0.0, ,     0.0, ,    11.4, ,    91.4, ,   378.6, ,   275.1, ,   114.5, ,     0.0, ,    11.4, ,
1978,   142.8, ,    71.4, ,    55.6, ,    30.4, ,     0.2, ,     0.0, ,     0.0, ,     0.0, ,     0.0, ,     0.5, ,     9.6, ,    96.9, ,   407.4, ,   305.7, ,    86.1, ,     0.0, ,    10.1, ,
1979,    39.2, ,    36.5, ,    21.7, ,    15.2, ,     0.0, ,     0.0, ,     0.0, ,     0.0, ,     0.0, ,     1.2, ,     1.3, ,    43.1, ,   158.3, ,   172.6, ,    37.0, ,     0.0, ,     2.5, ,
1980,    38.7, ,    37.2, ,    27.8, ,     0.8, ,     0.0, ,     0.0, ,     0.0, ,     0.0, ,     0.0, ,     0.2, ,    34.4, ,   114.4, ,   253.5, ,   119.0, ,    28.6, ,     0.0, ,    34.6, ,
1981,   174.7, ,    19.7, ,    76.2, ,     9.5, ,     1.0, ,     0.0, ,     0.0, ,     0.0, ,     0.2, ,     0.0, ,     7.5, ,    79.2, ,   367.9, ,   308.9, ,    86.6, ,     0.0, ,     7.7, ,
1982,   181.2, ,    59.6, ,    36.0, ,    32.4, ,     0.0, ,     0.0, ,     0.0, ,     0.0, ,     0.0, ,     0.2, ,     2.7, ,    77.4, ,   389.5, ,   320.0, ,    68.4, ,     0.0, ,     2.9, ,
1983,    60.2, ,   104.6, ,    17.3, ,    11.0, ,     0.5, ,     0.0, ,     0.0, ,     0.0, ,     0.0, ,     1.1, ,     4.1, ,    96.2, ,   294.9, ,   242.2, ,    28.8, ,     0.0, ,     5.2, ,
1984,    88.6, ,    46.8, ,    63.2, ,    41.1, ,     0.0, ,     0.0, ,     0.0, ,     0.0, ,     0.0, ,     0.2, ,    12.4, ,    38.7, ,   291.0, ,   231.6, ,   104.3, ,     0.0, ,    12.6, ,
1985,   115.3, ,    55.8, ,    39.4, ,    41.4, ,    14.6, ,     0.0, ,     0.0, ,     0.0, ,     0.0, ,     1.1, ,    18.1, ,    83.0, ,   368.7, ,   209.9, ,    95.4, ,     0.0, ,    19.2, ,
1986,    87.4, ,   127.5, ,    74.3, ,     9.4, ,     0.2, ,     0.0, ,     0.0, ,     0.0, ,     0.0, ,     0.2, ,    33.1, ,    23.2, ,   355.3, ,   297.8, ,    83.9, ,     0.0, ,    33.3, ,
1987,   147.4, ,    63.5, ,    86.4, ,     5.3, ,     0.4, ,     0.0, ,     0.0, ,     0.0, ,     0.0, ,     0.2, ,    58.7, ,   136.6, ,   498.6, ,   234.1, ,    92.1, ,     0.0, ,    59.0, ,
1988,    77.3, ,    67.2, ,    30.8, ,    18.6, ,     1.8, ,     0.0, ,     0.0, ,     0.0, ,     0.0, ,     0.5, ,     5.3, ,    85.4, ,   286.7, ,   281.1, ,    51.1, ,     0.0, ,     5.8, ,
1989,    62.0, ,   111.6, ,    58.3, ,     8.4, ,     0.0, ,     0.0, ,     0.0, ,     0.0, ,     0.0, ,     1.2, ,    68.7, ,   160.5, ,   470.6, ,   259.0, ,    66.6, ,     0.0, ,    69.9, ,
1990,    56.2, ,    79.9, ,    34.1, ,    20.6, ,     0.7, ,     0.0, ,     0.0, ,     0.0, ,     0.0, ,     0.4, ,     9.0, ,    12.0, ,   212.9, ,   296.5, ,    55.4, ,     0.0, ,     9.4, ,
1991,    85.6, ,    45.9, ,    93.0, ,    22.4, ,     0.8, ,     0.0, ,     0.0, ,     0.0, ,     0.0, ,     3.5, ,     4.4, ,   107.3, ,   362.8, ,   143.4, ,   116.2, ,     0.0, ,     7.9, ,
1992,    67.0, ,   137.3, ,    21.9, ,    24.0, ,    11.2, ,     0.0, ,     0.0, ,     0.0, ,     0.0, ,     0.8, ,    34.5, ,    75.8, ,   372.6, ,   311.6, ,    57.1, ,     0.0, ,    35.3, ,
1993,    60.3, ,   107.2, ,   139.2, ,    41.7, ,     0.0, ,     0.0, ,     0.0, ,     0.0, ,     0.0, ,     0.4, ,     3.2, ,   106.0, ,   458.0, ,   243.3, ,   180.9, ,     0.0, ,     3.6, ,
1994,   163.5, ,    42.0, ,    52.4, ,     3.9, ,     0.5, ,     0.0, ,     0.0, ,     0.0, ,     0.0, ,     0.0, ,    11.2, ,    85.7, ,   359.1, ,   311.5, ,    56.8, ,     0.0, ,    11.2, ,
1995,    72.9, ,    79.6, ,    28.8, ,    33.1, ,    13.5, ,     0.0, ,     0.0, ,     0.0, ,     0.0, ,     0.2, ,    10.3, ,   118.7, ,   357.1, ,   238.2, ,    75.4, ,     0.0, ,    10.5, ,
1996,    50.8, ,    95.1, ,    54.3, ,    33.6, ,     0.2, ,     0.0, ,     0.0, ,     0.0, ,     0.0, ,     0.2, ,    28.5, ,    17.6, ,   280.3, ,   264.7, ,    88.1, ,     0.0, ,    28.7, ,
1997,    60.7, ,    52.4, ,    93.0, ,    57.5, ,     0.0, ,     0.0, ,     0.0, ,     0.0, ,     0.0, ,     1.4, ,    68.6, ,   121.7, ,   455.4, ,   130.8, ,   150.5, ,     0.0, ,    70.0, ,
1998,    76.8, ,     3.5, ,    71.0, ,     5.4, ,     0.0, ,     0.0, ,     0.0, ,     0.0, ,     0.0, ,     0.0, ,     1.9, ,    29.3, ,   187.8, ,   202.0, ,    76.4, ,     0.0, ,     1.9, ,
1999,    59.5, ,    27.5, ,    77.3, ,    35.5, ,     0.2, ,     0.0, ,     0.0, ,     0.0, ,     0.0, ,     0.2, ,    10.0, ,    51.4, ,   261.6, ,   116.3, ,   113.0, ,     0.0, ,    10.2, ,
2000,   139.7, ,    42.2, ,    77.9, ,     1.9, ,     0.0, ,     0.0, ,     0.0, ,     0.0, ,     0.0, ,     0.0, ,    21.3, ,    86.6, ,   369.7, ,   233.3, ,    79.8, ,     0.0, ,    21.3, ,
2001,   127.3, ,    63.5, ,    61.7, ,    20.5, ,     0.0, ,     0.0, ,     0.0, ,     0.0, ,     0.0, ,     0.0, ,     5.0, ,    96.8, ,   374.9, ,   277.5, ,    82.2, ,     0.0, ,     5.0, ,
2002,   128.1, ,    25.7, ,    64.5, ,    23.5, ,     0.2, ,     0.0, ,     0.0, ,     0.0, ,     0.0, ,     0.2, ,    62.6, ,   107.3, ,   412.1, ,   250.6, ,    88.2, ,     0.0, ,    62.8, ,
2003,   120.7, ,    70.1, ,    26.2, ,    11.6, ,     0.0, ,     0.0, ,     0.0, ,     0.0, ,     0.0, ,     0.0, ,     2.0, ,    72.4, ,   302.9, ,   298.1, ,    37.8, ,     0.0, ,     2.0, ,
2004,   140.3, ,    26.3, ,    45.2, ,     8.8, ,     0.0, ,     0.0, ,     0.0, ,     0.0, ,     0.0, ,     0.0, ,    48.5, ,    80.9, ,   349.9, ,   239.0, ,    53.9, ,     0.0, ,    48.5, ,
2005,   207.3, ,    29.7, ,    81.6, ,    16.1, ,     0.0, ,     0.0, ,     0.0, ,     0.0, ,     0.0, ,     0.0, ,     1.1, ,   131.0, ,   466.8, ,   318.0, ,    97.7, ,     0.0, ,     1.1, ,
2006,    73.8, ,   121.2, ,    30.7, ,     2.5, ,     0.0, ,     0.0, ,     0.0, ,     0.0, ,     0.0, ,     0.4, ,     1.5, ,    41.2, ,   271.3, ,   326.0, ,    33.2, ,     0.0, ,     1.9, ,
2007,    48.8, ,    90.4, ,    46.3, ,    47.7, ,     0.0, ,     0.0, ,     0.0, ,     0.0, ,     0.0, ,     0.2, ,    17.3, ,    94.2, ,   345.0, ,   180.4, ,    94.0, ,     0.0, ,    17.5, ,
2008,    78.5, ,    70.3, ,    58.1, ,     1.9, ,     0.0, ,     0.0, ,     0.0, ,     0.0, ,     0.0, ,     0.0, ,    85.9, ,    88.3, ,   382.9, ,   243.0, ,    60.0, ,     0.0, ,    85.9, ,
2009,   143.2, ,   107.2, ,    56.8, ,     7.7, ,     0.0, ,     0.0, ,     0.0, ,     0.0, ,     0.0, ,     0.2, ,     3.0, ,    79.5, ,   397.6, ,   338.6, ,    64.5, ,     0.0, ,     3.2, ,
2010,   113.1, ,    56.7, ,    10.2, ,     0.7, ,     0.0, ,     0.0, ,     0.0, ,     0.0, ,     0.0, ,     0.0, ,    21.0, ,    75.3, ,   277.0, ,   249.3, ,    10.9, ,     0.0, ,    21.0, ,
2011,   120.2, ,   114.8, ,     6.3, ,     1.9, ,     0.0, ,     0.0, ,     0.0, ,     0.0, ,     0.0, ,     1.5, ,    49.3, ,    22.0, ,   316.0, ,   310.3, ,     8.1, ,     0.0, ,    50.8, ,
2012,    68.8, ,    43.4, ,    25.6, ,    12.4, ,     0.0, ,     0.0, ,     0.0, ,     0.0, ,     0.0, ,     0.0, ,     8.1, ,    61.3, ,   219.6, ,   134.2, ,    38.0, ,     0.0, ,     8.1, ,
2013,    67.2, ,   110.0, ,    52.0, ,     8.1, ,     0.0, ,     0.0, ,     0.0, ,     0.0, ,     0.0, ,     0.0, ,     7.1, ,   119.7, ,   364.1, ,   238.5, ,    60.1, ,     0.0, ,     7.1, ,
2014,   121.6, ,   107.2, ,    93.7, ,    11.4, ,     0.0, ,     0.0, ,     0.0, ,     0.0, ,     0.0, ,     0.0, ,    18.6, ,    14.2, ,   366.7, ,   348.5, ,   105.1, ,     0.0, ,    18.6, ,
2015,   164.0, ,   223.4, ,   141.4, ,    22.9, ,     0.0, ,     0.0, ,     0.0, ,     0.0, ,     0.0, ,     0.0, ,     2.5, ,    71.0, ,   625.3, ,   401.6, ,   164.3, ,     0.0, ,     2.5, ,
2016,   134.6, ,    61.8, ,    27.8, ,     1.9, ,     0.0, ,     0.0, ,     0.0, ,     0.0, ,     0.0, ,     0.0, ,     8.5, ,    56.5, ,   291.1, ,   267.4, ,    29.7, ,     0.0, ,     8.5, ,
2017,    94.5, ,   185.9, ,    65.0, ,     6.0, ,     0.0, ,     0.0, ,     0.0, ,     0.0, ,     0.0, ,     0.0, ,    15.9, ,    75.8, ,   443.0, ,   336.9, ,    70.9, ,     0.0, ,    15.9, ,
