3062696,FORT MCMURRAY  ,AB, station joined    , Monthly mean of homogenized daily maximum temperature                  , Deg Celcius,          Updated to December 2017
3062696,FORT MCMURRAY  ,AB, station jointe    , Moyenne mensuelle des temperatures quotidiennes maximales homogeneisees, Deg Celsius, Mise a jour jusqu a decembre 2017
 Year,     Jan, ,     Feb, ,     Mar, ,     Apr, ,     May, ,     Jun, ,     Jul, ,     Aug, ,     Sep, ,     Oct, ,     Nov, ,     Dec, ,  Annual, ,  Winter, ,  Spring, ,  Summer, ,  Autumn
Annee,    Janv, ,     Fev, ,    Mars, ,     Avr, ,     Mai, ,    Juin, ,    Juil, ,    Aout, ,    Sept, ,     Oct, ,     Nov, ,     Dec, ,  Annuel, ,   Hiver, ,Printemp, ,     Ete, , Automne
 1916,   -25.6, ,    -7.7, ,    -6.3, ,    11.0, ,    18.0, ,    23.2, ,    25.7, ,    21.7, ,    17.3, ,     6.9, ,    -1.9, ,   -12.5, ,     5.8, , -9999.9,M,     7.6, ,    23.5, ,     7.4, 
 1917,   -19.5, ,   -15.5, ,    -1.5, ,     7.8, ,    18.4, ,    21.1, ,    26.1, ,    21.7, ,    19.1, ,     6.1, ,     4.4, ,   -23.7, ,     5.4, ,   -15.8, ,     8.2, ,    23.0, ,     9.9, 
 1918,   -19.0, , -9999.9,M, -9999.9,M, -9999.9,M, -9999.9,M,    20.2, ,    23.6, ,    21.2, ,    17.0, , -9999.9,M, -9999.9,M,    -7.9, , -9999.9,M, -9999.9,M, -9999.9,M,    21.7, , -9999.9,M
 1919,    -6.9, ,   -12.3, ,    -6.3, ,    13.9, ,    17.1, ,    21.8, ,    22.4, ,    21.8, ,    16.8, ,     1.6, ,    -7.9, ,   -14.0, ,     5.7, ,    -9.0, ,     8.2, ,    22.0, ,     3.5, 
 1920,   -17.6, ,    -2.8, ,    -1.8, ,     5.2, ,    16.2, ,    18.7, ,    27.2, ,    23.0, ,    16.0, ,     8.5, ,    -1.9, ,   -14.2, ,     6.4, ,   -11.5, ,     6.5, ,    23.0, ,     7.5, 
 1921,   -15.8, ,    -5.5, ,    -4.0, ,    12.2, ,    16.6, ,    24.3, ,    23.7, ,    20.8, ,    16.2, ,    11.1, ,    -9.2, ,   -11.1, ,     6.6, ,   -11.8, ,     8.3, ,    22.9, ,     6.0, 
 1922,   -13.5, ,   -14.7, ,    -2.9, ,     9.6, ,    17.8, ,    21.3, ,    24.2, ,    24.2, ,    16.4, ,     7.0, ,    -2.1, ,   -18.2, ,     5.8, ,   -13.1, ,     8.2, ,    23.2, ,     7.1, 
 1923,   -17.0, ,    -9.5, ,    -8.2, ,     9.7, ,    15.1, ,    23.2, ,    24.3, ,    20.0, ,    17.7, ,    13.0, ,     0.0, ,   -12.9, ,     6.3, ,   -14.9, ,     5.5, ,    22.5, ,    10.2, 
 1924,   -18.5, ,    -4.3, ,     0.2, ,     7.2, ,    17.8, ,    20.4, ,    24.0, ,    18.8, ,    16.3, ,    10.3, ,    -4.9, ,   -18.2, ,     5.8, ,   -11.9, ,     8.4, ,    21.1, ,     7.2, 
 1925,   -20.7, ,   -14.5, ,    -2.0, ,    11.8, ,    18.6, ,    21.9, ,    24.0, ,    22.2, ,    15.0, ,     2.9, ,    -6.1, ,   -10.5, ,     5.2, ,   -17.8, ,     9.5, ,    22.7, ,     3.9, 
 1926,   -10.9, ,    -6.2, ,     0.6, ,    10.8, ,    17.7, ,    20.4, ,    25.8, ,    21.8, ,    10.9, ,     6.4, ,    -8.4, ,   -14.6, ,     6.2, ,    -9.2, ,     9.7, ,    22.7, ,     3.0, 
 1927,   -16.9, ,   -10.8, ,     1.3, ,     7.6, ,    16.1, ,    20.9, ,    23.9, ,    24.4, ,    14.4, ,     8.1, ,   -13.1, ,   -21.7, ,     4.5, ,   -14.1, ,     8.3, ,    23.1, ,     3.1, 
 1928,    -8.5, ,    -3.4, ,    -1.3, ,     2.8, ,    18.1, ,    20.6, ,    23.6, ,    18.9, ,    17.2, ,     6.1, ,     0.5, ,    -7.6, ,     7.3, ,   -11.2, ,     6.5, ,    21.0, ,     7.9, 
 1929,   -22.9, ,   -13.7, ,    -0.9, ,     6.1, ,    17.0, ,    19.8, ,    23.3, ,    22.3, ,    13.4, ,    13.8, ,    -1.4, ,   -17.0, ,     5.0, ,   -14.7, ,     7.4, ,    21.8, ,     8.6, 
 1930,   -18.4, ,   -10.0, ,     1.2, ,     9.4, ,    15.3, ,    20.9, ,    25.0, ,    22.4, ,    14.3, ,     6.1, ,    -2.3, ,    -3.6, ,     6.7, ,   -15.1, ,     8.6, ,    22.8, ,     6.0, 
 1931,    -9.1, ,     1.1, ,    -4.7, ,    11.6, ,    15.9, ,    19.6, ,    23.4, ,    23.1, ,    15.3, ,    10.9, ,    -2.5, ,    -9.7, ,     7.9, ,    -3.9, ,     7.6, ,    22.0, ,     7.9, 
 1932,   -14.7, ,   -13.7, ,    -9.1, ,     9.9, ,    18.7, ,    22.6, ,    23.7, ,    24.6, ,    17.2, ,     4.5, ,   -10.3, ,   -14.8, ,     4.9, ,   -12.7, ,     6.5, ,    23.6, ,     3.8, 
 1933,   -21.0, ,   -16.5, ,    -3.2, ,     5.9, ,    17.6, ,    20.9, ,    22.6, ,    24.6, ,    13.9, ,     5.7, ,    -5.9, ,   -27.7, ,     3.1, ,   -17.4, ,     6.8, ,    22.7, ,     4.6, 
 1934,   -14.0, ,    -5.5, ,    -3.1, ,    10.3, ,    18.3, ,    20.2, ,    22.7, ,    20.5, ,    11.7, ,     8.8, ,    -3.9, ,   -15.3, ,     5.9, ,   -15.7, ,     8.5, ,    21.1, ,     5.5, 
 1935,   -22.7, ,    -1.2, ,    -6.9, ,     6.8, ,    18.1, ,    21.0, ,    24.9, ,    20.7, ,    16.4, ,     6.5, ,    -9.0, ,   -11.1, ,     5.3, ,   -13.1, ,     6.0, ,    22.2, ,     4.6, 
 1936,   -23.6, ,   -23.0, ,    -0.4, ,     6.5, ,    20.2, ,    21.3, ,    25.9, ,    23.8, ,    13.1, ,     6.6, ,     1.5, ,   -14.6, ,     4.8, ,   -19.2, ,     8.8, ,    23.7, ,     7.1, 
 1937,   -20.8, ,   -10.8, ,     0.8, ,    12.5, ,    21.0, ,    25.6, ,    25.9, ,    21.8, ,    18.6, ,     8.6, ,    -6.4, ,   -16.3, ,     6.7, ,   -15.4, ,    11.4, ,    24.4, ,     6.9, 
 1938,   -13.6, ,   -11.8, ,     2.8, ,     9.9, ,    17.2, ,    23.5, ,    25.5, ,    21.6, ,    23.5, ,    12.7, ,    -4.3, ,   -11.5, ,     8.0, ,   -13.9, ,    10.0, ,    23.5, ,    10.6, 
 1939,   -12.5, ,   -17.4, ,    -2.7, ,    11.0, ,    18.3, ,    21.1, ,    25.1, ,    24.4, ,    14.5, ,     3.7, ,     0.3, ,    -5.3, ,     6.7, ,   -13.8, ,     8.9, ,    23.5, ,     6.2, 
 1940,   -15.1, ,    -7.8, ,     0.0, ,    10.5, ,    20.0, ,    19.8, ,    25.0, ,    25.0, ,    20.2, ,     9.8, ,    -9.1, ,   -13.2, ,     7.1, ,    -9.4, ,    10.2, ,    23.3, ,     7.0, 
 1941,   -16.2, ,   -10.2, ,     0.6, ,    14.5, ,    15.1, ,    23.8, ,    27.6, ,    21.6, ,    12.2, ,     8.4, ,    -2.5, ,   -13.3, ,     6.8, ,   -13.2, ,    10.1, ,    24.3, ,     6.0, 
 1942,    -5.5, ,    -8.0, ,     4.2, ,     8.4, ,    19.3, ,    23.2, ,    25.2, ,    23.4, ,    15.4, ,    10.6, ,    -8.6, ,   -18.0, ,     7.5, ,    -8.9, ,    10.6, ,    23.9, ,     5.8, 
 1943,   -16.1, ,    -4.8, ,    -3.6, ,    13.3, ,    15.8, ,    21.0, ,    26.1, ,    24.7, ,    19.6, ,    12.8, ,     1.2, ,    -6.7, ,     8.6, ,   -13.0, ,     8.5, ,    23.9, ,    11.2, 
 1944,    -6.9, ,   -10.8, ,    -2.8, ,    13.8, ,    19.2, ,    21.4, ,    23.4, ,    21.8, ,    17.6, ,    12.6, ,    -2.6, ,    -6.3, ,     8.4, ,    -8.1, ,    10.1, ,    22.2, ,     9.2, 
 1945,   -11.9, ,    -7.9, ,     2.6, ,     2.0, ,    13.3, ,    20.5, ,    23.7, ,    23.7, ,    13.0, ,     9.4, ,    -9.1, ,   -14.6, ,     5.4, ,    -8.7, ,     6.0, ,    22.6, ,     4.4, 
 1946,   -13.8, ,   -14.4, ,     3.2, ,    11.9, ,    13.8, ,    19.3, ,    23.9, ,    23.0, ,    15.8, ,     5.3, ,    -4.7, ,   -16.9, ,     5.5, ,   -14.3, ,     9.6, ,    22.1, ,     5.5, 
 1947,   -14.9, ,   -16.0, ,    -2.8, ,     3.6, ,    13.5, ,    20.0, ,    24.9, ,    19.1, ,    14.0, ,    10.8, ,    -5.8, ,   -10.2, ,     4.7, ,   -15.9, ,     4.8, ,    21.3, ,     6.3, 
 1948,    -8.0, ,   -15.1, ,    -5.9, ,     1.1, ,    19.2, ,    23.6, ,    24.1, ,    20.9, ,    16.7, ,    12.6, ,    -2.6, ,   -15.0, ,     6.0, ,   -11.1, ,     4.8, ,    22.9, ,     8.9, 
 1949,   -13.6, ,   -15.6, ,     0.3, ,    12.9, ,    15.7, ,    19.3, ,    23.4, ,    22.9, ,    17.5, ,     5.9, ,     3.4, ,   -17.9, ,     6.2, ,   -14.7, ,     9.6, ,    21.9, ,     8.9, 
 1950,   -26.5, ,   -12.8, ,    -3.8, ,     6.2, ,    17.2, ,    22.9, ,    24.5, ,    19.6, ,    17.8, ,     4.6, ,    -9.6, ,   -11.8, ,     4.0, ,   -19.1, ,     6.5, ,    22.3, ,     4.3, 
 1951,   -16.4, ,    -9.9, ,    -7.8, ,     7.4, ,    15.9, ,    19.6, ,    23.2, ,    21.7, ,    15.1, ,     4.2, ,    -6.3, ,   -18.7, ,     4.0, ,   -12.7, ,     5.2, ,    21.5, ,     4.3, 
 1952,   -20.1, ,    -6.9, ,    -1.5, ,    13.3, ,    19.4, ,    21.0, ,    22.6, ,    20.6, ,    16.2, ,    10.5, ,     1.2, ,    -7.7, ,     7.4, ,   -15.2, ,    10.4, ,    21.4, ,     9.3, 
 1953,   -18.7, ,    -3.5, ,    -0.8, ,     6.9, ,    18.2, ,    19.2, ,    22.8, ,    24.1, ,    15.0, ,    11.1, ,    -0.1, ,    -7.4, ,     7.2, ,   -10.0, ,     8.1, ,    22.0, ,     8.7, 
 1954,   -22.8, ,    -5.0, ,    -1.9, ,    -0.3, ,    14.9, ,    20.1, ,    23.2, ,    20.7, ,    15.0, ,     9.5, ,     2.7, ,    -4.4, ,     6.0, ,   -11.7, ,     4.2, ,    21.3, ,     9.1, 
 1955,   -12.9, ,   -12.4, ,    -8.9, ,     8.9, ,    16.9, ,    23.0, ,    23.2, ,    22.6, ,    14.1, ,     9.0, ,   -11.6, ,   -17.4, ,     4.5, ,    -9.9, ,     5.6, ,    22.9, ,     3.8, 
 1956,   -18.2, ,   -11.3, ,    -2.6, ,     6.5, ,    19.2, ,    20.8, ,    23.3, ,    22.2, ,    13.2, ,     7.5, ,     2.8, ,   -12.4, ,     5.9, ,   -15.6, ,     7.7, ,    22.1, ,     7.8, 
 1957,   -14.6, ,   -13.1, ,     0.0, ,     8.3, ,    14.1, ,    19.4, ,    22.4, ,    21.5, ,    16.8, ,     6.3, ,    -2.8, ,   -11.8, ,     5.5, ,   -13.4, ,     7.5, ,    21.1, ,     6.8, 
 1958,    -7.6, ,   -14.2, ,    -0.1, ,     8.1, ,    18.2, ,    19.7, ,    23.1, ,    22.7, ,    13.6, ,    10.5, ,    -3.7, ,   -12.0, ,     6.5, ,   -11.2, ,     8.7, ,    21.8, ,     6.8, 
 1959,   -21.7, ,    -6.9, ,     1.2, ,     9.2, ,    12.2, ,    18.5, ,    24.2, ,    16.7, ,    13.4, ,     4.1, ,    -5.3, ,    -2.6, ,     5.3, ,   -13.5, ,     7.5, ,    19.8, ,     4.1, 
 1960,   -15.7, ,    -9.4, ,    -4.7, ,     9.9, ,    14.8, ,    18.6, ,    24.8, ,    20.9, ,    16.3, ,     7.4, ,    -4.5, ,    -7.9, ,     5.9, ,    -9.2, ,     6.7, ,    21.4, ,     6.4, 
 1961,   -12.8, ,    -7.7, ,    -1.7, ,     5.5, ,    17.5, ,    23.7, ,    24.3, ,    25.6, ,    12.0, ,     7.4, ,    -4.2, ,   -18.8, ,     5.9, ,    -9.5, ,     7.1, ,    24.5, ,     5.1, 
 1962,   -13.3, ,   -13.5, ,    -3.2, ,     6.5, ,    15.1, ,    20.5, ,    21.3, ,    20.9, ,    16.6, ,    10.5, ,    -1.8, ,   -10.8, ,     5.7, ,   -15.2, ,     6.1, ,    20.9, ,     8.4, 
 1963,   -17.5, ,   -11.1, ,    -2.9, ,     9.0, ,    16.0, ,    22.2, ,    24.7, ,    23.7, ,    17.8, ,    14.4, ,    -4.7, ,   -11.3, ,     6.7, ,   -13.1, ,     7.4, ,    23.5, ,     9.2, 
 1964,   -11.9, ,    -1.1, ,    -8.3, ,     8.6, ,    16.4, ,    23.4, ,    24.1, ,    20.0, ,    13.0, ,    11.3, ,    -4.2, ,   -19.2, ,     6.0, ,    -8.1, ,     5.6, ,    22.5, ,     6.7, 
 1965,   -18.4, ,   -16.5, ,    -3.2, ,     9.4, ,    16.6, ,    20.8, ,    24.5, ,    21.2, ,    10.0, ,    11.7, ,    -7.1, ,    -9.2, ,     5.0, ,   -18.0, ,     7.6, ,    22.2, ,     4.9, 
 1966,   -23.4, ,    -8.3, ,    -0.3, ,     3.7, ,    17.3, ,    20.1, ,    22.7, ,    20.9, ,    18.2, ,     6.6, ,   -10.8, ,   -11.7, ,     4.6, ,   -13.6, ,     6.9, ,    21.2, ,     4.7, 
 1967,   -15.2, ,   -11.0, ,    -6.5, ,     5.7, ,    16.0, ,    20.2, ,    23.2, ,    23.6, ,    19.5, ,     7.6, ,    -2.2, ,   -10.9, ,     5.8, ,   -12.6, ,     5.1, ,    22.3, ,     8.3, 
 1968,   -16.2, ,    -6.1, ,     2.7, ,     9.3, ,    16.3, ,    20.4, ,    21.1, ,    19.9, ,    13.8, ,     7.8, ,    -1.5, ,   -17.3, ,     5.9, ,   -11.1, ,     9.4, ,    20.5, ,     6.7, 
 1969,   -24.5, ,    -8.7, ,    -0.9, ,    12.1, ,    15.7, ,    20.0, ,    23.1, ,    22.6, ,    12.2, ,     4.9, ,    -1.9, ,    -6.6, ,     5.7, ,   -16.8, ,     9.0, ,    21.9, ,     5.1, 
 1970,   -16.8, ,    -6.6, ,    -2.6, ,    10.1, ,    16.2, ,    22.9, ,    23.2, ,    22.6, ,    14.8, ,     6.2, ,    -7.2, ,   -18.0, ,     5.4, ,   -10.0, ,     7.9, ,    22.9, ,     4.6, 
 1971,   -20.4, ,    -6.1, ,    -1.7, ,    11.6, ,    21.5, ,    22.3, ,    23.0, ,    24.8, ,    14.6, ,     9.4, ,    -4.6, ,   -16.3, ,     6.5, ,   -14.8, ,    10.5, ,    23.4, ,     6.5, 
 1972,   -20.7, ,   -16.0, ,    -1.1, ,     5.7, ,    20.4, ,    22.3, ,    21.0, ,    24.2, ,     8.7, ,     5.5, ,    -5.1, ,   -16.5, ,     4.0, ,   -17.7, ,     8.3, ,    22.5, ,     3.0, 
 1973,   -10.4, ,    -9.3, ,     4.2, ,     9.3, ,    20.1, ,    20.8, ,    23.3, ,    21.1, ,    15.9, ,     7.3, ,   -10.2, ,   -15.1, ,     6.4, ,   -12.1, ,    11.2, ,    21.7, ,     4.3, 
 1974,   -19.6, ,    -8.1, ,    -7.1, ,    10.3, ,    13.7, ,    21.8, ,    21.8, ,    19.5, ,    13.4, ,    10.4, ,     0.2, ,    -4.4, ,     6.0, ,   -14.3, ,     5.6, ,    21.0, ,     8.0, 
 1975,   -14.3, ,   -10.5, ,    -3.1, ,     8.2, ,    16.2, ,    20.1, ,    24.8, ,    19.1, ,    16.4, ,     7.3, ,    -3.4, ,   -11.4, ,     5.8, ,    -9.7, ,     7.1, ,    21.3, ,     6.8, 
 1976,   -10.9, ,    -8.5, ,    -1.3, ,    14.2, ,    19.0, ,    20.7, ,    22.4, ,    22.4, ,    19.1, ,     6.6, ,     0.3, ,   -12.2, ,     7.7, ,   -10.3, ,    10.6, ,    21.8, ,     8.7, 
 1977,   -13.2, ,     3.6, ,     1.3, ,    13.3, ,    19.6, ,    21.8, ,    21.0, ,    17.6, ,    15.4, ,    10.2, ,    -5.7, ,   -17.5, ,     7.3, ,    -7.3, ,    11.4, ,    20.1, ,     6.6, 
 1978,   -17.0, ,    -6.4, ,     0.2, ,     9.0, ,    16.4, ,    22.0, ,    22.2, ,    19.6, ,    13.5, ,    10.8, ,    -5.5, ,   -13.0, ,     6.0, ,   -13.6, ,     8.5, ,    21.3, ,     6.3, 
 1979,   -14.7, ,   -20.9, ,    -1.9, ,     3.1, ,    14.7, ,    21.3, ,    25.7, ,    20.6, ,    16.1, ,     9.6, ,     0.1, ,    -6.1, ,     5.6, ,   -16.2, ,     5.3, ,    22.5, ,     8.6, 
 1980,   -14.0, ,    -5.2, ,    -1.7, ,    18.2, ,    18.3, ,    22.6, ,    23.6, ,    19.5, ,    12.8, ,    11.4, ,     1.5, ,   -18.2, ,     7.4, ,    -8.4, ,    11.6, ,    21.9, ,     8.6, 
 1981,    -4.9, ,    -4.7, ,     5.1, ,     7.6, ,    20.1, ,    20.9, ,    24.2, ,    26.6, ,    18.4, ,     5.3, ,     1.3, ,   -13.2, ,     8.9, ,    -9.3, ,    10.9, ,    23.9, ,     8.3, 
 1982,   -26.4, ,   -12.3, ,    -3.7, ,     6.8, ,    16.3, ,    22.3, ,    22.9, ,    18.2, ,    17.4, ,    10.5, ,    -8.1, ,   -11.4, ,     4.4, ,   -17.3, ,     6.5, ,    21.1, ,     6.6, 
 1983,   -12.3, ,    -7.8, ,    -0.3, ,    10.5, ,    13.8, ,    20.5, ,    23.6, ,    24.1, ,    13.9, ,     9.4, ,    -2.3, ,   -17.9, ,     6.3, ,   -10.5, ,     8.0, ,    22.7, ,     7.0, 
 1984,    -9.7, ,    -0.5, ,     1.2, ,    13.8, ,    14.0, ,    22.3, ,    24.5, ,    23.5, ,    12.6, ,     5.1, ,    -8.1, ,   -16.3, ,     6.9, ,    -9.4, ,     9.7, ,    23.4, ,     3.2, 
 1985,    -9.0, ,   -14.0, ,     3.1, ,     9.8, ,    18.5, ,    20.5, ,    23.2, ,    21.3, ,    12.6, ,     5.2, ,   -12.1, ,    -7.8, ,     5.9, ,   -13.1, ,    10.5, ,    21.7, ,     1.9, 
 1986,    -7.5, ,    -8.7, ,     2.8, ,     8.2, ,    18.0, ,    21.4, ,    21.4, ,    22.6, ,    15.0, ,     9.9, ,    -8.6, ,    -3.4, ,     7.6, ,    -8.0, ,     9.7, ,    21.8, ,     5.4, 
 1987,    -4.4, ,    -2.5, ,    -2.7, ,    12.6, ,    17.9, ,    21.9, ,    24.0, ,    19.3, ,    19.2, ,     8.3, ,     0.7, ,    -7.0, ,     8.9, ,    -3.4, ,     9.3, ,    21.7, ,     9.4, 
 1988,   -14.3, ,    -8.1, ,     2.4, ,    10.4, ,    17.3, ,    22.0, ,    22.3, ,    22.1, ,    15.8, ,     9.3, ,    -5.0, ,    -9.0, ,     7.1, ,    -9.8, ,    10.0, ,    22.1, ,     6.7, 
 1989,   -10.3, ,    -8.9, ,    -6.2, ,     8.7, ,    16.6, ,    20.2, ,    25.0, ,    23.7, ,    15.1, ,     7.4, ,    -7.5, ,   -12.0, ,     6.0, ,    -9.4, ,     6.4, ,    23.0, ,     5.0, 
 1990,   -12.2, ,   -11.9, ,     4.3, ,     7.8, ,    18.8, ,    22.3, ,    24.2, ,    22.7, ,    17.6, ,     3.7, ,    -8.1, ,   -15.2, ,     6.2, ,   -12.0, ,    10.3, ,    23.1, ,     4.4, 
 1991,   -12.8, ,    -3.8, ,    -0.1, ,    13.1, ,    18.9, ,    20.8, ,    23.7, ,    25.5, ,    15.2, ,     3.1, ,    -6.3, ,    -8.8, ,     7.4, ,   -10.6, ,    10.6, ,    23.3, ,     4.0, 
 1992,    -7.4, ,    -5.1, ,     5.3, ,    10.0, ,    16.3, ,    20.9, ,    22.3, ,    21.1, ,    11.7, ,     7.9, ,    -0.6, ,   -16.3, ,     7.2, ,    -7.1, ,    10.5, ,    21.4, ,     6.3, 
 1993,   -12.0, ,    -6.0, ,     5.1, ,     9.8, ,    17.6, ,    19.3, ,    20.9, ,    20.9, ,    14.6, ,     7.0, ,    -2.3, ,    -6.3, ,     7.4, ,   -11.4, ,    10.8, ,    20.4, ,     6.4, 
 1994,   -19.7, ,   -17.0, ,     5.0, ,    10.5, ,    18.2, ,    21.8, ,    23.9, ,    23.6, ,    18.6, ,     9.4, ,    -3.8, ,   -10.1, ,     6.7, ,   -14.3, ,    11.2, ,    23.1, ,     8.1, 
 1995,    -9.9, ,    -8.2, ,    -1.1, ,     7.0, ,    18.6, ,    23.1, ,    21.3, ,    18.6, ,    18.7, ,     7.2, ,    -8.4, ,   -12.6, ,     6.2, ,    -9.4, ,     8.2, ,    21.0, ,     5.8, 
 1996,   -20.6, ,    -7.3, ,    -4.6, ,     7.7, ,    13.3, ,    21.7, ,    22.7, ,    22.7, ,    13.2, ,     5.5, ,    -8.8, ,   -15.5, ,     4.2, ,   -13.5, ,     5.5, ,    22.4, ,     3.3, 
 1997,   -15.3, ,    -3.9, ,    -2.3, ,     7.8, ,    16.0, ,    21.4, ,    25.2, ,    22.4, ,    16.8, ,     4.1, ,    -0.8, ,    -2.9, ,     7.4, ,   -11.6, ,     7.2, ,    23.0, ,     6.7, 
 1998,   -17.1,E,    -1.8, ,     1.0, ,    14.3, ,    21.2, ,    22.7, ,    25.5, ,    25.9, ,    17.4, ,     9.8, ,    -4.0, ,   -11.2, ,     8.6,E,    -7.3,E,    12.2, ,    24.7, ,     7.7, 
 1999,   -14.0, ,    -4.8, ,     4.1, ,    11.8, ,    15.4, ,    21.2, ,    23.1, ,    24.5, ,    17.1, ,     8.9, ,     0.0, ,    -5.8, ,     8.5, ,   -10.0, ,    10.4, ,    22.9, ,     8.7, 
 2000,   -13.2, ,    -2.1, ,     3.3, ,     9.2, ,    14.2, ,    18.1, ,    23.9, ,    20.2, ,    14.2, ,     9.1,E,    -1.7, ,   -16.1, ,     6.6,E,    -7.0, ,     8.9, ,    20.7, ,     7.2,E
 2001,    -1.8, ,    -8.8,E,     1.3,E,    10.3, ,    17.6,E,    20.9,E,    24.3,E,    24.1,E,    18.9, ,     6.7,E,    -0.4,E,    -9.9,E,     8.6,E,    -8.9,E,     9.7,E,    23.1,E,     8.4,E
 2002,   -12.6, ,    -4.4, ,    -6.9,E,     4.0, ,    14.8, ,    24.8,E,    23.1, ,    21.3,E,    15.0,E,     2.8, ,    -2.2, ,    -6.0,E,     6.1,E,    -9.0,E,     4.0,E,    23.1,E,     5.2,E
 2003,   -11.4,E,   -12.0,E,    -3.4, ,    10.7, ,    16.6, ,    20.8, ,    24.6,E,    23.3,E,    15.0, ,     9.9, ,    -4.0, ,    -6.8, ,     6.9,E,    -9.8,E,     8.0, ,    22.9,E,     7.0, 
 2004,   -17.2, ,    -3.6, ,     1.3, ,     9.8, ,    12.2, ,    21.4, ,    25.8, ,    20.1, ,    13.7, ,     6.7, ,    -0.6, ,   -12.3, ,     6.4, ,    -9.2, ,     7.8, ,    22.4, ,     6.6, 
 2005,   -13.2, ,    -4.3, ,     1.8, ,    12.0, ,    17.6, ,    21.1, ,    23.1, ,    20.0, ,    15.5, ,    10.3, ,     0.9, ,    -4.2, ,     8.4, ,    -9.9, ,    10.5, ,    21.4, ,     8.9, 
 2006,    -7.3, ,    -6.5, ,     1.1, ,    15.7, ,    17.7, ,    24.1, ,    24.0, ,    22.6, ,    18.3, ,     6.0, ,   -10.4, ,    -4.0, ,     8.4, ,    -6.0, ,    11.5, ,    23.6, ,     4.6, 
 2007,    -6.7,E,   -13.1, ,    -1.6, ,     9.0, ,    17.7, ,    21.0, ,    27.9, ,    19.3, ,    14.3, ,    10.6, ,    -4.3, ,   -12.4,E,     6.8,E,    -7.9,E,     8.4, ,    22.7, ,     6.9, 
 2008,   -11.7, ,   -11.0, ,    -0.9, ,     5.3, ,    18.3, ,    23.5, ,    23.4, ,    22.1, ,    15.3, ,    10.4, ,    -0.6, ,   -17.4, ,     6.4, ,   -11.7,E,     7.6, ,    23.0, ,     8.4, 
 2009,   -12.8, ,    -7.8, ,    -3.6, ,     8.6, ,    14.0, ,    20.6, ,    22.4, ,    21.9, ,    19.9, ,     3.6, ,     1.6, ,   -14.3, ,     6.2, ,   -12.7, ,     6.3, ,    21.6, ,     8.4, 
 2010,   -11.2, ,    -3.3, ,     6.1, ,    11.3, ,    15.6, ,    22.1,E,    23.9, ,    20.2, ,    15.2, ,    11.3, ,    -2.8, ,   -13.1, ,     7.9,E,    -9.6, ,    11.0, ,    22.1,E,     7.9, 
 2011,   -13.6, ,    -8.0, ,    -3.8, ,     9.1, ,    18.9, ,    20.7, ,    23.2, ,    22.8, ,    20.5, ,    10.1, ,    -4.0,E,    -3.1,E,     7.7,E,   -11.6, ,     8.1, ,    22.2, ,     8.9,E
 2012,    -8.0,E,    -3.3, ,     0.9, ,     8.2, , -9999.9,M,    21.8,E,    25.3, ,    23.9, ,    18.9, ,     3.1, , -9999.9,M, -9999.9,M, -9999.9,M,    -4.8,E, -9999.9,M,    23.7,E, -9999.9,M
 2013, -9999.9,M,    -3.9, ,    -2.8, ,     4.6, ,    21.1, ,    21.5, ,    22.6, ,    24.5, ,    21.2, ,     8.1, ,    -4.7, ,   -18.4,E, -9999.9,M, -9999.9,M,     7.6, ,    22.9, ,     8.2, 
 2014,   -10.4, ,   -14.1, ,    -3.4, ,     7.0, ,    14.3, ,    21.3, ,    26.1, ,    24.4, ,    15.7, ,     9.4, ,    -7.8, ,    -9.6, ,     6.1, ,   -14.3,E,     6.0, ,    23.9, ,     5.8, 
 2015,    -9.2, ,   -11.4, ,     3.5, ,    11.8, ,    18.4, ,    23.9, ,    24.9, ,    23.0, ,    15.1, ,    11.2, ,     0.7, ,    -7.3, ,     8.7, ,   -10.1, ,    11.2, ,    23.9, ,     9.0, 
 2016,    -8.9, ,    -3.8, ,     1.7, ,    10.8, ,    20.2, ,    23.8, ,    24.9, ,    22.7, ,    16.8, ,     2.9, ,     2.5, ,   -12.6, ,     8.4, ,    -6.7, ,    10.9, ,    23.8, ,     7.4, 
 2017,    -7.5, ,    -5.7, ,    -2.1,E,     8.1, ,    19.1, ,    22.2, ,    25.6, ,    24.2, ,    18.8, ,     7.6, ,    -7.6, ,    -8.1, ,     7.9,E,    -8.6, ,     8.4,E,    24.0, ,     6.3, 
