4075525,LOST RIVER     ,SK, station joined    , Monthly mean of homogenized daily maximum temperature                  , Deg Celcius,          Updated to December 2017
4075525,LOST RIVER     ,SK, station jointe    , Moyenne mensuelle des temperatures quotidiennes maximales homogeneisees, Deg Celsius, Mise a jour jusqu a decembre 2017
 Year,     Jan, ,     Feb, ,     Mar, ,     Apr, ,     May, ,     Jun, ,     Jul, ,     Aug, ,     Sep, ,     Oct, ,     Nov, ,     Dec, ,  Annual, ,  Winter, ,  Spring, ,  Summer, ,  Autumn
Annee,    Janv, ,     Fev, ,    Mars, ,     Avr, ,     Mai, ,    Juin, ,    Juil, ,    Aout, ,    Sept, ,     Oct, ,     Nov, ,     Dec, ,  Annuel, ,   Hiver, ,Printemp, ,     Ete, , Automne
 1911, -9999.9,M, -9999.9,M, -9999.9,M, -9999.9,M,    15.5, ,    22.0, ,    19.9, ,    20.9, ,    14.6, ,    11.0, ,    -9.0, ,   -10.8, , -9999.9,M, -9999.9,M, -9999.9,M,    20.9, ,     5.5, 
 1912,   -20.5, ,   -10.7, ,    -8.2, ,     9.9, ,    16.0, ,    23.3, ,    19.1, ,    19.7, ,    13.4, ,     8.9, ,     0.0, ,    -9.7, ,     5.1, ,   -14.0, ,     5.9, ,    20.7, ,     7.4, 
 1913,   -22.3, ,   -15.2, ,   -10.1, ,    10.8, ,    13.7, ,    21.4, ,    20.9, ,    21.3, ,    17.2, ,     5.0, ,     0.5, ,    -5.9, ,     4.8, ,   -15.7, ,     4.8, ,    21.2, ,     7.6, 
 1914,   -13.0, ,   -18.1, ,    -4.0, ,     6.6, ,    15.9, ,    21.0, ,    26.2, ,    22.4, ,    17.5, ,    11.9, ,    -1.0, ,   -14.7, ,     5.9, ,   -12.3, ,     6.2, ,    23.2, ,     9.5, 
 1915,   -14.5, ,    -6.5, ,     0.3, ,    15.5, ,    17.4, ,    18.1, ,    20.6, ,    24.7, ,    14.0, ,     9.9, ,    -2.9, ,   -10.4, ,     7.2, ,   -11.9, ,    11.1, ,    21.1, ,     7.0, 
 1916,   -23.5, ,   -11.5, ,    -6.1, ,     7.7, ,    12.9, ,    18.1, ,    23.8, ,    21.3, ,    15.8, ,     5.6, ,    -0.6, ,   -16.0, ,     4.0, ,   -15.1, ,     4.8, ,    21.1, ,     6.9, 
 1917,   -21.5, ,   -16.8, ,    -3.9, ,     2.6, ,    17.1, ,    19.1, ,    24.7, ,    22.1, ,    18.9, ,     6.3, ,     7.1, ,   -21.4, ,     4.5, ,   -18.1, ,     5.3, ,    22.0, ,    10.8, 
 1918,   -17.2, ,   -14.2, ,    -0.4, ,    10.4, ,    11.6, ,    20.1, ,    20.9, ,    21.7, ,    15.3, ,     9.6, ,     1.4, ,    -6.7, ,     6.0, ,   -17.6, ,     7.2, ,    20.9, ,     8.8, 
 1919,    -7.1, ,   -14.2, ,    -8.0, ,    10.9, ,    20.2, ,    23.6, ,    23.4, ,    23.6, ,    15.8, ,     0.9, ,    -7.4, ,   -11.7, ,     5.8, ,    -9.3, ,     7.7, ,    23.5, ,     3.1, 
 1920,   -17.0, ,    -7.1, ,    -4.7, ,     1.3, ,    17.1, ,    20.7, ,    26.1, ,    24.7, ,    18.5, ,    12.7, ,    -2.2, , -9999.9,M, -9999.9,M,   -11.9, ,     4.6, ,    23.8, ,     9.7, 
 1921, -9999.9,M, -9999.9,M, -9999.9,M, -9999.9,M,    15.4, ,    23.4, ,    23.8, ,    21.6, ,    15.8, ,    11.4, ,    -7.2, ,    -8.5, , -9999.9,M, -9999.9,M, -9999.9,M,    22.9, ,     6.7, 
 1922,   -13.0, ,   -15.4, ,    -3.2, ,     8.4, ,    16.6, ,    22.0, ,    23.6, ,    23.9, ,    20.3, ,     8.3, ,     0.3, ,   -14.9, ,     6.4, ,   -12.3, ,     7.3, ,    23.2, ,     9.6, 
 1923,   -13.7, ,   -12.7, ,    -9.2, ,     6.5, ,    16.5, ,    22.3, ,    25.3, ,    20.1, ,    17.3, ,    13.5, ,     3.9, ,    -6.2, ,     7.0, ,   -13.8, ,     4.6, ,    22.6, ,    11.6, 
 1924,   -16.6, ,    -5.5, ,    -1.3, ,     5.5, ,    15.2, ,    19.0, ,    25.6, ,    20.0, ,    18.5, ,    13.5, ,    -4.1, ,   -15.2, ,     6.2, ,    -9.4, ,     6.5, ,    21.5, ,     9.3, 
 1925,   -16.7, ,   -13.1, ,    -3.9, ,    10.4, ,    18.1, ,    20.0, ,    23.7, ,    23.1, ,    17.2, ,     3.2, ,    -1.5, ,    -7.5, ,     6.1, ,   -15.0, ,     8.2, ,    22.3, ,     6.3, 
 1926,    -7.5, ,    -5.0, ,    -1.5, ,    10.0, ,    16.8, ,    19.3, ,    26.0, ,    22.5, ,    12.6, ,     7.1, ,    -6.8, ,   -12.1, ,     6.8, ,    -6.7, ,     8.4, ,    22.6, ,     4.3, 
 1927,   -12.1, ,   -10.6, ,    -1.1, ,     6.4, ,    12.8, ,    20.6, ,    23.8, ,    23.2, ,    17.1, ,    11.8, ,    -8.6, ,   -17.4, ,     5.5, ,   -11.6, ,     6.0, ,    22.5, ,     6.8, 
 1928,    -8.8, ,    -5.8, ,    -1.2, ,     4.3, ,    19.7, ,    19.9, ,    24.9, ,    21.1, ,    17.4, ,     8.2, ,     1.9, ,    -4.7, ,     8.1, ,   -10.7, ,     7.6, ,    22.0, ,     9.2, 
 1929,   -20.6, ,   -13.1, ,    -1.0, ,     6.1, ,    15.1, ,    23.0, ,    24.1, ,    25.7, ,    14.9, ,    14.0, ,    -1.3, ,   -12.9, ,     6.2, ,   -12.8, ,     6.7, ,    24.3, ,     9.2, 
 1930,   -18.4, ,    -8.6, ,    -1.5, ,    10.2, ,    14.9, ,    22.0, ,    25.3, ,    26.6, ,    15.0, ,     5.0, ,     0.1, ,    -3.4, ,     7.3, ,   -13.3, ,     7.9, ,    24.6, ,     6.7, 
 1931,    -7.1, ,    -0.3, ,    -3.5, ,    11.1, ,    16.9, ,    22.5, ,    24.5, ,    24.4, ,    16.6, ,    12.8, ,    -1.7, ,    -6.0, ,     9.2, ,    -3.6, ,     8.2, ,    23.8, ,     9.2, 
 1932,   -11.8, ,   -12.2, ,    -7.9, ,     7.4, ,    20.4, ,    22.8, ,    23.4, ,    24.3, ,    17.8, ,     4.6, ,    -6.1, ,   -11.6, ,     5.9, ,   -10.0, ,     6.6, ,    23.5, ,     5.4, 
 1933,   -15.8, ,   -14.6, ,    -4.6, ,     5.7, ,    17.9, ,    23.3, ,    24.4, ,    25.8, ,    16.4, ,     7.2, ,    -4.1, ,   -20.9, ,     5.1, ,   -14.0, ,     6.3, ,    24.5, ,     6.5, 
 1934,   -10.4, ,    -6.6, ,    -4.0, ,     9.8, ,    19.8, ,    20.4, ,    24.0, ,    22.6, ,    13.9, ,    13.4, ,    -1.3, ,   -12.2, ,     7.5, ,   -12.6, ,     8.5, ,    22.3, ,     8.7, 
 1935,   -20.5, ,    -2.5, ,    -6.7, ,     6.3, ,    16.6, ,    20.1, ,    28.9, ,    22.1, ,    18.2, ,     8.8, ,    -8.2, ,    -9.3, ,     6.2, ,   -11.7, ,     5.4, ,    23.7, ,     6.3, 
 1936,   -19.9, ,   -20.9, ,    -1.7, ,     5.5, ,    20.9, ,    20.9, ,    29.2, ,    25.8, ,    15.4, ,     7.1, ,     0.8, ,   -12.5, ,     5.9, ,   -16.7, ,     8.2, ,    25.3, ,     7.8, 
 1937,   -22.1, ,   -11.8, ,    -1.6, ,     9.8, ,    21.0, ,    25.4, ,    29.1, ,    26.6, ,    18.9, ,     9.2, ,    -5.4, ,   -13.3, ,     7.2, ,   -15.5, ,     9.7, ,    27.0, ,     7.6, 
 1938,   -12.2, ,   -11.4, ,     2.1, , -9999.9,M,    17.4, ,    25.5, ,    27.2, ,    24.5, ,    23.7, ,    13.5, ,    -4.5, ,    -8.7, , -9999.9,M,   -12.3, , -9999.9,M,    25.7, ,    10.9, 
 1939,   -10.5, ,   -17.3, ,    -4.2, ,     9.9, ,    19.0, ,    18.9, ,    27.4, ,    26.3, ,    18.0, ,     5.9, ,     1.4, ,    -4.6, ,     7.5, ,   -12.2, ,     8.2, ,    24.2, ,     8.4, 
 1940,   -12.3, ,    -7.3, ,    -1.6, ,     9.6, ,    22.0, ,    20.9, ,    26.3, ,    26.9, ,    24.4, ,    12.1, ,    -7.1, ,    -9.5, ,     8.7, ,    -8.1, ,    10.0, ,    24.7, ,     9.8, 
 1941,   -13.0, ,    -8.6, ,    -1.2, ,    10.5, ,    18.5, ,    25.2, ,    30.2, ,    25.4, ,    15.7, ,    10.3, ,    -1.4, ,    -9.0, ,     8.6, ,   -10.4, ,     9.3, ,    26.9, ,     8.2, 
 1942,    -6.4, ,    -8.5, ,     2.6, ,     8.6, ,    18.3, ,    20.6, ,    24.8, ,    23.5, ,    17.2, ,    12.5, ,    -7.2, ,   -14.9, ,     7.6, ,    -8.0, ,     9.8, ,    23.0, ,     7.5, 
 1943,   -18.1, ,    -7.1, ,    -6.7, ,    11.1, ,    15.1, ,    20.9, ,    27.5, ,    24.9, ,    18.3, ,    13.1, ,     1.9, ,    -5.3, ,     8.0, ,   -13.4, ,     6.5, ,    24.4, ,    11.1, 
 1944,    -5.5, ,   -10.2, ,    -6.1, ,    13.2, ,    19.7, ,    21.6, ,    24.1, ,    23.8, ,    19.2, ,    13.9, ,    -3.0, ,    -8.9, ,     8.5, ,    -7.0, ,     8.9, ,    23.2, ,    10.0, 
 1945,   -12.1, ,    -9.7, ,     1.7, ,     2.4, ,    13.8, ,    19.0, ,    24.8, ,    24.4, ,    14.8, ,    10.8, ,    -7.2, ,   -13.6, ,     5.8, ,   -10.2, ,     6.0, ,    22.7, ,     6.1, 
 1946,   -12.3, ,   -12.0, ,     2.8, ,    14.0, ,    15.0, ,    21.3, ,    26.1, ,    23.6, ,    19.0, ,     6.6, ,    -4.2, ,   -14.2, ,     7.1, ,   -12.6, ,    10.6, ,    23.7, ,     7.1, 
 1947,   -10.9, ,   -13.9, ,    -2.7, ,     5.4, ,    15.0, ,    23.9, ,    31.3, ,    25.0, ,    16.4, ,    13.3, ,    -5.1, ,   -11.9, ,     7.2, ,   -13.0, ,     5.9, ,    26.7, ,     8.2, 
 1948,   -10.6, ,   -14.8, ,    -6.6, ,     1.8, ,    19.9, ,    24.6, ,    25.9, ,    24.0, ,    21.8, ,    13.7, ,    -1.6, ,   -13.4, ,     7.1, ,   -12.4, ,     5.0, ,    24.8, ,    11.3, 
 1949,   -14.3, ,   -15.2, ,    -2.4, ,    14.3, ,    18.3, ,    20.8, ,    24.2, ,    26.2, ,    18.1, ,     7.6, ,     2.4, ,   -15.6, ,     7.0, ,   -14.3, ,    10.1, ,    23.7, ,     9.4, 
 1950,   -26.3, ,   -12.7, ,    -4.6, ,     3.9, ,    16.3, ,    22.2, ,    24.3, ,    21.3, ,    19.6, ,     7.1, ,    -6.0, ,   -12.1, ,     4.4, ,   -18.2, ,     5.2, ,    22.6, ,     6.9, 
 1951,   -16.2, ,   -11.3, ,    -7.2, , -9999.9,M,    18.8, ,    19.5, ,    22.8, ,    20.1, ,    14.4, ,     5.9, ,    -5.3, ,   -16.1, , -9999.9,M,   -13.2, , -9999.9,M,    20.8, ,     5.0, 
 1952,   -16.8, ,    -7.4, ,    -4.0, ,    15.7, ,    18.4, ,    20.3, ,    22.3, ,    22.0, ,    17.8, ,    10.6, ,     0.2, ,    -7.8, ,     7.6, ,   -13.4, ,    10.0, ,    21.5, ,     9.5, 
 1953,   -15.8, ,    -6.3, ,    -2.0, ,     6.3, ,    16.5, ,    20.1, ,    23.0, ,    23.9, ,    15.6, ,    13.5, ,     1.7, ,    -7.9, ,     7.4, ,   -10.0, ,     6.9, ,    22.3, ,    10.3, 
 1954,   -21.6, ,    -3.2, ,    -4.8, ,     0.4, ,    13.5, ,    19.7, ,    23.2, ,    19.4, ,    14.7, ,    10.1, ,     2.1, ,    -4.2, ,     5.8, ,   -10.9, ,     3.0, ,    20.8, ,     9.0, 
 1955,   -13.1, ,   -12.0, ,    -7.9, ,     9.1, ,    17.1, ,    23.0, ,    24.6, ,    24.5, ,    15.6, ,    10.8, ,    -9.9, ,   -16.6, ,     5.4, ,    -9.8, ,     6.1, ,    24.0, ,     5.5, 
 1956,   -16.7, ,   -12.1, ,    -5.3, ,     4.0, ,    17.2, ,    22.6, ,    23.0, ,    21.5, ,    14.5, ,     9.9, ,    -0.5, ,   -11.0, ,     5.6, ,   -15.1, ,     5.3, ,    22.4, ,     8.0, 
 1957,   -15.1, ,   -10.8, ,    -2.8, ,     5.6, ,    16.8, ,    21.0, , -9999.9,M,    20.8, ,    16.7, ,     9.9, ,    -2.7, ,    -9.8, , -9999.9,M,   -12.3, ,     6.5, , -9999.9,M,     8.0, 
 1958,    -9.0, ,   -12.0, ,    -1.1, ,     9.5, ,    19.5, ,    19.9, ,    24.8, ,    23.8, ,    15.5, ,    10.0, ,    -4.2, ,   -11.2, ,     7.1, ,   -10.3, ,     9.3, ,    22.8, ,     7.1, 
 1959,   -19.7, ,    -8.8, ,     0.6, ,     9.2, ,    15.9, ,    20.6, ,    25.3, ,    20.2, ,    15.0, ,     3.5, ,    -6.1, ,    -4.4, ,     5.9, ,   -13.2, ,     8.6, ,    22.0, ,     4.1, 
 1960,   -16.1, ,   -10.0, ,    -5.7, ,     7.0, ,    16.6, ,    19.0, ,    25.7, ,    23.2, ,    18.4, ,     9.6, ,    -4.0, ,    -9.1, ,     6.2, ,   -10.2, ,     6.0, ,    22.6, ,     8.0, 
 1961,   -11.1, ,    -7.3, ,    -1.0, ,     5.8, ,    18.3, ,    25.6, ,    25.0, ,    28.3, ,    13.4, ,     8.5, ,    -3.2, ,   -17.3, ,     7.1, ,    -9.2, ,     7.7, ,    26.3, ,     6.2, 
 1962,   -14.5, ,   -14.8, ,    -4.5, ,     6.1, ,    17.7, ,    24.3, ,    23.6, ,    23.0, ,    18.0, ,    12.5, ,     0.9, ,    -9.7, ,     6.9, ,   -15.5, ,     6.4, ,    23.6, ,    10.5, 
 1963,   -17.2, ,   -12.1, ,    -2.6, ,     9.8, ,    17.0, ,    21.2, ,    25.7, ,    26.0, ,    20.1, ,    16.6, ,    -1.1, ,   -11.2, ,     7.7, ,   -13.0, ,     8.1, ,    24.3, ,    11.9, 
 1964,   -10.6, ,    -3.9, ,    -8.2, ,    10.5, ,    19.1, ,    24.4, ,    26.4, ,    20.9, ,    14.1, ,    11.7, ,    -3.8, ,   -16.7, ,     7.0, ,    -8.6, ,     7.1, ,    23.9, ,     7.3, 
 1965,   -16.9, ,   -14.9, ,    -6.4, ,     8.5, ,    16.3, ,    21.3, ,    24.6, ,    23.7, ,    12.3, ,    13.3, ,    -6.0, ,    -7.6, ,     5.7, ,   -16.2, ,     6.1, ,    23.2, ,     6.5, 
 1966,   -23.1, ,   -11.8, ,    -1.1, ,     3.6, ,    16.6, ,    20.8, ,    24.2, ,    23.2, ,    19.6, ,     9.5, ,    -8.0, ,   -11.2, ,     5.2, ,   -14.2, ,     6.4, ,    22.7, ,     7.0, 
 1967,   -15.1, ,   -12.3, ,    -5.6, ,     2.3, ,    16.7, ,    21.5, ,    25.5, ,    25.2, ,    22.2, ,     6.9, ,    -1.6, ,   -10.7, ,     6.3, ,   -12.9, ,     4.5, ,    24.1, ,     9.2, 
 1968,   -14.6, ,    -9.5, ,     1.5, ,     9.3, ,    17.3, ,    21.0, ,    23.0, ,    19.8, ,    17.3, ,     9.0, ,     0.2, ,   -13.9, ,     6.7, ,   -11.6, ,     9.4, ,    21.3, ,     8.8, 
 1969,   -22.2, ,   -10.6, ,    -3.6, ,    12.2, ,    17.0, ,    20.3, ,    23.9, ,    25.6, ,    15.4, ,     3.8, ,    -0.2, ,    -7.4, ,     6.2, ,   -15.6, ,     8.5, ,    23.3, ,     6.3, 
 1970,   -15.4, ,    -7.7, ,    -5.4, ,     5.7, ,    16.2, ,    24.1, ,    24.8, ,    23.7, ,    16.7, ,     8.6, ,    -4.7, ,   -18.2, ,     5.7, ,   -10.2, ,     5.5, ,    24.2, ,     6.9, 
 1971,   -18.9, ,    -7.6, ,    -3.5, ,     8.5, ,    21.2, ,    22.1, ,    22.2, ,    25.2, ,    16.9, ,     9.1, ,    -3.9, ,   -14.4, ,     6.4, ,   -14.9, ,     8.7, ,    23.2, ,     7.4, 
 1972,   -18.9, ,   -16.1, ,    -3.6, ,     5.6, ,    20.0, ,    23.6, ,    21.7, ,    25.1, ,    12.1, ,     7.2, ,    -3.7, ,   -16.1, ,     4.7, ,   -16.5, ,     7.3, ,    23.5, ,     5.2, 
 1973,   -10.5, ,    -9.7, ,     2.1, ,     6.0, ,    18.9, ,    19.1, ,    23.6, ,    23.9, ,    16.3, ,     9.7, ,    -8.4, ,   -14.4, ,     6.4, ,   -12.1, ,     9.0, ,    22.2, ,     5.9, 
 1974,   -19.8, ,   -11.0, ,    -8.2, ,     6.7, ,    11.2, ,    21.9, ,    24.9, ,    20.2, ,    13.0, ,    11.5, ,    -0.3, ,    -4.6, ,     5.5, ,   -15.1, ,     3.2, ,    22.3, ,     8.1, 
 1975,   -13.2, ,   -12.2, ,    -7.0, ,     5.0, ,    15.0, ,    20.8, ,    26.6, ,    19.9, ,    16.0, ,     9.2, ,    -1.0, ,   -11.1, ,     5.7, ,   -10.0, ,     4.3, ,    22.4, ,     8.1, 
 1976,   -11.4, ,    -7.8, ,    -4.6, ,    12.4, ,    20.2, ,    20.5, ,    23.9, ,    24.4, ,    20.5, ,     7.2, ,    -0.9, ,   -10.4, ,     7.8, ,   -10.1, ,     9.3, ,    22.9, ,     8.9, 
 1977,   -16.4, ,    -3.5, ,    -1.0, ,    14.0, ,    21.6, ,    22.5, ,    22.3, ,    18.4, ,    14.5, ,    11.7, ,    -4.1, ,   -16.8, ,     6.9, ,   -10.1, ,    11.5, ,    21.1, ,     7.4, 
 1978,   -18.8, ,   -11.9, ,    -3.1, ,     5.6, ,    18.6, ,    21.9, ,    23.1, ,    20.5, ,    15.9, ,    10.7, ,    -6.2, ,   -13.0, ,     5.3, ,   -15.8, ,     7.0, ,    21.8, ,     6.8, 
 1979,   -16.8, ,   -20.7, ,    -5.1, ,     1.5, ,    13.4, ,    21.7, ,    26.1, ,    22.0, ,    17.3, ,     7.7, ,    -2.0, ,    -8.4, ,     4.7, ,   -16.8, ,     3.3, ,    23.3, ,     7.7, 
 1980,   -15.5, ,   -10.4, ,    -5.2, ,    14.1, ,    21.9, ,    22.0, ,    24.1, ,    21.6, ,    15.0, ,     9.9, ,     0.2, ,   -14.7, ,     6.9, ,   -11.4, ,    10.3, ,    22.6, ,     8.4, 
 1981,    -8.0, ,    -6.5, ,     2.7, ,     7.2, ,    18.8, ,    21.5, ,    24.5, ,    26.1, ,    18.0, ,     6.2, ,     2.8, ,   -11.1, ,     8.5, ,    -9.7, ,     9.6, ,    24.0, ,     9.0, 
 1982,   -24.6, ,   -13.0, ,    -5.0, ,     6.3, ,    14.8, ,    21.5, ,    23.7, , -9999.9,M,    16.9, ,     9.5, ,    -6.2, ,    -9.3, , -9999.9,M,   -16.2, ,     5.4, , -9999.9,M,     6.7, 
 1983,   -10.5, ,    -9.7, ,    -4.4, ,     4.3, ,    13.9, ,    21.5, ,    23.8, ,    26.9, ,    15.8, ,    10.7, ,    -1.0, ,   -18.2, ,     6.1, ,    -9.8, ,     4.6, ,    24.1, ,     8.5, 
 1984,    -9.7, ,    -2.1, ,    -4.4, ,    11.7, ,    14.8, ,    21.6, ,    25.0, ,    26.4, ,    13.2, ,     6.9, ,    -6.7, ,   -15.8, ,     6.7, ,   -10.0, ,     7.4, ,    24.3, ,     4.5, 
 1985,   -11.5, ,   -14.3, ,     0.0, ,     8.5, ,    17.7, ,    17.7, ,    23.1, ,    20.2, ,    13.1, ,     8.1, ,   -12.1, ,   -10.5, ,     5.0, ,   -13.9, ,     8.7, ,    20.3, ,     3.0, 
 1986,    -8.0, ,   -11.2, ,    -0.4, ,     7.3, ,    18.3, ,    22.6, ,    22.7, ,    23.3, ,    13.7, ,    10.9, ,    -6.7,E,    -6.1, ,     7.2,E,    -9.9, ,     8.4, ,    22.9, ,     6.0,E
 1987,    -7.2, ,    -5.6, ,    -2.6, ,    12.5, ,    19.4, ,    23.9, ,    22.0, ,    19.6, ,    19.2, ,     7.1, ,     1.5, ,    -6.7, ,     8.6, ,    -6.3, ,     9.8, ,    21.8, ,     9.3, 
 1988,   -15.5, ,    -9.9, ,    -2.5, ,     8.5, ,    21.1, ,    26.8, ,    25.7, ,    22.8, ,    17.2, ,     9.1, ,    -2.7, ,    -9.1, ,     7.6, ,   -10.7, ,     9.0, ,    25.1, ,     7.9, 
 1989,   -10.9, ,   -11.2, ,    -7.3, ,     9.0, ,    18.7, ,    22.1, ,    26.4, ,    23.3, ,    17.0, ,     9.4, ,    -5.7, ,   -14.3, ,     6.4, ,   -10.4, ,     6.8, ,    23.9, ,     6.9, 
 1990,   -10.4, ,   -12.2, ,     0.2, ,     7.4, ,    17.4, , -9999.9,M,    22.8, ,    23.8, ,    18.8, ,     5.8, ,    -5.2, ,   -16.0, , -9999.9,M,   -12.3, ,     8.3, , -9999.9,M,     6.5, 
 1991,   -14.0, ,    -5.2, ,    -3.3, ,    10.0, ,    18.2, ,    22.3, ,    24.8, ,    27.7, ,    17.2, ,     3.9, ,    -6.1, ,    -9.3, ,     7.2, ,   -11.7, ,     8.3, ,    24.9, ,     5.0, 
 1992,    -8.2, ,    -7.3, ,     1.5, ,     9.0, ,    17.0, ,    21.2, ,    21.8, ,    22.3, ,    14.8, ,     9.2, ,    -0.8, ,   -15.7, ,     7.1, ,    -8.3, ,     9.2, ,    21.8, ,     7.7, 
 1993,   -12.9, ,   -10.0, ,     1.8, ,     9.4, ,    18.5, ,    19.2, ,    20.9, ,    21.1, ,    14.8, ,     8.0, ,    -4.1, ,    -7.6, ,     6.6, ,   -12.9, ,     9.9, ,    20.4, ,     6.2, 
 1994,   -19.8, ,   -17.0, ,     2.0, ,    11.1, ,    17.2, ,    21.2, ,    22.8, ,    22.1, ,    20.3, ,     9.9, ,    -3.0, ,   -10.8, ,     6.3, ,   -14.8, ,    10.1, ,    22.0, ,     9.1, 
 1995,   -12.8, ,    -9.9, ,    -4.1, ,     2.6, ,    18.1, ,    24.5, ,    23.5, ,    22.4, ,    18.7, ,     9.1, ,    -8.0, ,   -13.4, ,     5.9, ,   -11.2, ,     5.5, ,    23.5, ,     6.6, 
 1996,   -19.5, ,    -9.2, ,    -6.9, ,     4.7, ,    13.4, ,    23.0, ,    24.0, ,    25.3, ,    15.2, ,     7.3, ,    -8.7, ,   -16.2, ,     4.4, ,   -14.0, ,     3.7, ,    24.1, ,     4.6, 
 1997,   -17.6, ,    -7.6, ,    -5.0, ,     4.8, ,    15.9, ,    21.9, ,    25.5, ,    24.6, ,    19.3, ,     7.0, ,    -1.1, ,    -2.4, ,     7.1, ,   -13.8, ,     5.2, ,    24.0, ,     8.4, 
 1998,   -16.5, ,    -3.3, ,    -3.3, ,    14.4, ,    19.5, ,    20.7, ,    24.3, ,    26.9, ,    19.5, ,     9.2, ,    -1.6, ,   -11.4, ,     8.2, ,    -7.4, ,    10.2, ,    24.0, ,     9.0, 
 1999,   -14.0, ,    -7.7, ,     0.2, ,    12.4, ,    16.5, ,    21.3, ,    22.1, ,    23.6, ,    17.3, ,     9.6, ,     0.8, ,    -4.5, ,     8.1, ,   -11.0, ,     9.7, ,    22.3, ,     9.2, 
 2000,   -14.9, ,    -6.1, ,     0.7, ,     9.1, ,    16.3, ,    19.2, ,    24.2, ,    22.9, ,    17.0, ,    11.2, ,    -3.2, ,   -18.1, ,     6.5, ,    -8.5, ,     8.7, ,    22.1, ,     8.3, 
 2001,    -5.5, ,   -12.9, ,    -0.4, ,    10.4, ,    19.4, ,    20.7, ,    24.8, ,    27.1, ,    21.0, ,     8.5, ,     1.8, ,    -9.0, ,     8.8, ,   -12.2, ,     9.8, ,    24.2, ,    10.4, 
 2002,   -13.0, ,    -4.8, ,    -9.1, ,     3.7, ,    15.8, ,    23.9, ,    27.4, ,    23.2, ,    16.9, ,     2.7, ,    -2.0, ,    -6.3, ,     6.5, ,    -8.9, ,     3.5, ,    24.8, ,     5.9, 
 2003,   -13.3, ,   -14.5, ,    -5.6, ,     8.8, ,    20.1, ,    22.3, ,    25.5, ,    27.5, ,    17.2, ,    11.6, ,    -4.3, ,    -6.9, ,     7.4, ,   -11.4, ,     7.8, ,    25.1, ,     8.2, 
 2004,   -18.3, ,    -6.8, ,    -1.7, ,     8.4, ,    13.5, ,    18.9, ,    22.8, ,    18.9, ,    16.3, ,     8.0, ,     2.4, ,   -12.8, ,     5.8, ,   -10.7, ,     6.7, ,    20.2, ,     8.9, 
 2005,   -14.6, ,    -8.3, ,    -2.0, ,    11.6, ,    16.5, ,    19.4, ,    23.7, ,    21.3, ,    19.2, ,    12.2, ,     3.4, ,    -2.7, ,     8.3, ,   -11.9, ,     8.7, ,    21.5, ,    11.6, 
 2006,    -3.4, ,    -9.6, ,    -2.5, ,    12.7, ,    17.1, ,    23.0, ,    25.0,E,    24.4, ,    17.5, ,     6.5, ,    -5.8, ,    -6.2, ,     8.2,E,    -5.2, ,     9.1, ,    24.1,E,     6.1, 
 2007,    -9.0, ,   -14.0, ,    -1.9, ,     7.9, ,    17.4, ,    21.0, ,    26.2, ,    21.3, ,    16.0, ,    10.7, ,    -4.3, , -9999.9,M, -9999.9,M,    -9.7, ,     7.8, ,    22.8, ,     7.5, 
 2008, -9999.9,M, -9999.9,M, -9999.9,M, -9999.9,M, -9999.9,M, -9999.9,M, -9999.9,M, -9999.9,M, -9999.9,M, -9999.9,M, -9999.9,M, -9999.9,M, -9999.9,M, -9999.9,M, -9999.9,M, -9999.9,M, -9999.9,M
 2009, -9999.9,M, -9999.9,M, -9999.9,M, -9999.9,M, -9999.9,M, -9999.9,M, -9999.9,M, -9999.9,M, -9999.9,M, -9999.9,M, -9999.9,M, -9999.9,M, -9999.9,M, -9999.9,M, -9999.9,M, -9999.9,M, -9999.9,M
 2010, -9999.9,M, -9999.9,M, -9999.9,M, -9999.9,M,    15.6, , -9999.9,M, -9999.9,M,    22.0,E,    15.9,E,    11.9,E,    -3.7, ,   -11.8,E, -9999.9,M, -9999.9,M, -9999.9,M, -9999.9,M,     8.0,E
 2011,   -13.2, ,   -10.0,E,    -6.8, ,     7.3, ,    17.6,E,    21.5, ,    23.0, ,    24.7, ,    22.2, ,    11.3, ,    -1.8, ,    -3.5, ,     7.7,E,   -11.7,E,     6.0,E,    23.1, ,    10.6, 
 2012,    -8.1, ,    -6.1, ,     1.9, ,     8.4, ,    17.1, ,    21.2,E,    25.5,E,    23.8, ,    19.6, ,     4.9,E,    -5.3, ,   -13.2, ,     7.5,E,    -5.9, ,     9.1, ,    23.5,E,     6.4,E
 2013,   -12.9, ,    -9.1, ,    -6.1, ,     2.0,E,    19.6, ,    20.9, ,    22.1, ,    24.1, ,    21.3, ,     7.8,E,    -4.9, ,   -18.0, ,     5.6,E,   -11.7, ,     5.2,E,    22.4, ,     8.1,E
 2014,   -11.7, ,   -15.6, ,    -6.4, ,     4.0,E,    16.8, ,    19.8,E,    23.6, ,    23.6, ,    18.0,E,    10.1, ,    -7.2,E,    -7.4, ,     5.6,E,   -15.1, ,     4.8,E,    22.3,E,     7.0,E
 2015,   -10.5, ,   -14.0, ,     0.3, ,    10.2, ,    17.5, ,    24.2, ,    24.1, ,    23.9, ,    18.5, ,    12.0, ,     0.4, ,    -6.7, ,     8.3, ,   -10.6, ,     9.3, ,    24.1, ,    10.3, 
 2016,    -9.4, ,    -6.2, ,     0.1, ,     8.7, ,    20.1, ,    23.3, ,    23.6, ,    22.8,E,    18.0, ,     4.6, ,     4.7, ,   -11.6, ,     8.2,E,    -7.4, ,     9.6, ,    23.2,E,     9.1, 
 2017,    -8.1, ,    -6.7, ,    -4.6, ,     8.4, ,    17.1,E,    20.5, ,    25.0, ,    25.5, ,    19.4, ,     9.8, ,    -5.7, ,    -9.5, ,     7.6,E,    -8.8, ,     7.0,E,    23.7, ,     7.8, 
