1047770,STILLWATER POWER HOUSE   ,BC,station not joined, Monthly total of daily adjusted snowfall, mm, Updated to December 2017
1047770,STILLWATER POWER HOUSE   ,BC,station pas jointe, Total mensuel des chutes de neige quotidiennes ajustées, mm,  Mise à jour jusqu à décembre 2017
Year,     Jan, ,     Feb, ,     Mar, ,     Apr, ,     May, ,     Jun, ,     Jul, ,     Aug, ,     Sep, ,     Oct, ,     Nov, ,     Dec, ,  Annual, ,  Winter, ,  Spring, ,  Summer, ,  Autumn
An  ,    Janv, ,     Fév, ,    Mars, ,     Avr, ,     Mai, ,    Juin, ,    Juil, ,    Août, ,    Sept, ,     Oct, ,     Nov, ,     Déc, ,  Annuel, ,   Hiver, ,Printemp, ,     Eté, , Automne
1931, -9999.9,M, -9999.9,M, -9999.9,M, -9999.9,M, -9999.9,M,     0.0, ,     0.0, ,     0.0, ,     0.0, ,     0.0, ,     2.2, ,     0.2, , -9999.9,M,   -10.0, , -9999.9,M,     0.0, ,     2.2, ,
1932,     0.6, ,    10.7, ,     0.1, ,     0.0, ,     0.0, ,     0.0, ,     0.0, ,     0.0, ,     0.0, ,     0.0, ,     0.0, ,     1.1, ,    12.5, ,    11.5, ,     0.1, ,     0.0, ,     0.0, ,
1933,    16.7, ,    13.4, ,     0.0, ,     0.0, ,     0.0, ,     0.0, ,     0.0, ,     0.0, ,     0.0, ,     0.0, ,     0.0, ,    25.8, ,    55.9, ,    31.2, ,     0.0, ,     0.0, ,     0.0, ,
1934,     0.0, ,     0.0, ,     2.2, ,     0.0, ,     0.0, ,     0.0, ,     0.0, ,     0.0, ,     0.0, ,     0.0, ,     0.0, ,    32.0, ,    34.2, ,    25.8, ,     2.2, ,     0.0, ,     0.0, ,
1935,    88.3, ,     0.0, ,     0.0, ,     0.0, ,     0.0, ,     0.0, ,     0.0, ,     0.0, ,     0.0, ,     0.0, ,     0.0, ,     0.0, ,    88.3, ,   120.2, ,     0.0, ,     0.0, ,     0.0, ,
1936,     0.0, ,    51.9, ,     0.0, ,     0.0, ,     0.0, ,     0.0, ,     0.0, ,     0.0, ,     0.0, ,     0.0, ,     0.0, ,     2.2, ,    54.1, ,    51.9, ,     0.0, ,     0.0, ,     0.0, ,
1937,    35.5, ,    38.7, ,     0.0, ,     0.0, ,     0.0, ,     0.0, ,     0.0, ,     0.0, ,     0.0, ,     0.0, ,     0.0, ,    64.8, ,   139.1, ,    76.5, ,     0.0, ,     0.0, ,     0.0, ,
1938,    17.3, ,    12.3, ,     0.0, ,     0.0, ,     0.0, ,     0.0, ,     0.0, ,     0.0, ,     0.0, ,     0.0, ,     0.0, ,     0.0, ,    29.6, ,    94.4, ,     0.0, ,     0.0, ,     0.0, ,
1939,     4.5, ,    21.9, ,     0.0, ,     0.0, ,     0.0, ,     0.0, ,     0.0, ,     0.0, ,     0.0, ,     0.0, ,     0.0, ,     0.0, ,    26.4, ,    26.4, ,     0.0, ,     0.0, ,     0.0, ,
1940,     6.8, ,     0.0, ,     0.0, ,     0.0, ,     0.0, ,     0.0, ,     0.0, ,     0.0, ,     0.0, ,     0.0, ,     6.7, ,     0.0, ,    13.4, ,     6.8, ,     0.0, ,     0.0, ,     6.7, ,
1941,     0.0, ,     0.0, ,     0.0, ,     0.0, ,     0.0, ,     0.0, ,     0.0, ,     0.0, ,     0.0, ,     0.0, ,     0.0, ,     0.0, ,     0.0, ,     0.0, ,     0.0, ,     0.0, ,     0.0, ,
1942,     3.3, ,     0.0, ,     3.3, ,     0.0, ,     0.0, ,     0.0, ,     0.0, ,     0.0, ,     0.0, ,     0.0, ,     0.0, ,     2.2, ,     8.9, ,     3.3, ,     3.3, ,     0.0, ,     0.0, ,
1943,    33.4, ,     0.0, ,     0.0, ,     0.0, ,     0.0, ,     0.0, ,     0.0, ,     0.0, ,     0.0, ,     0.0, ,     0.0, ,     0.0, ,    33.4, ,    35.6, ,     0.0, ,     0.0, ,     0.0, ,
1944,     0.0, ,     0.0, ,     0.0, ,     0.0, ,     0.0, ,     0.0, ,     0.0, ,     0.0, ,     0.0, ,     0.0, ,     0.0, ,     0.0, ,     0.0, ,     0.0, ,     0.0, ,     0.0, ,     0.0, ,
1945,     0.0, ,     0.0, ,     0.0, ,     0.0, ,     0.0, ,     0.0, ,     0.0, ,     0.0, ,     0.0, ,     0.0, ,     8.9, ,     0.0, ,     8.9, ,     0.0, ,     0.0, ,     0.0, ,     8.9, ,
1946,     0.0, ,    11.2, ,     0.0, ,     0.0, ,     0.0, ,     0.0, ,     0.0, ,     0.0, ,     0.0, ,     0.0, ,    19.1, ,     3.2, ,    33.4, ,    11.2, ,     0.0, ,     0.0, ,    19.1, ,
1947,    11.6, ,    35.8, ,     0.0, ,     0.0, ,     0.0, ,     0.0, ,     0.0, ,     0.0, ,     0.0, ,     0.0, ,     0.0, ,     0.0, ,    47.4, ,    50.6, ,     0.0, ,     0.0, ,     0.0, ,
1948,     0.0, ,     6.8, ,     0.0, ,     7.0, ,     0.0, ,     0.0, ,     0.0, ,     0.0, ,     0.0, ,     0.0, ,     0.0, ,    11.2, ,    25.0, ,     6.8, ,     7.0, ,     0.0, ,     0.0, ,
1949,    11.9, ,    57.6, ,     0.0, ,     0.0, ,     0.0, ,     0.0, ,     0.0, ,     0.0, ,     0.0, ,     0.0, ,     0.0, ,    17.4, ,    86.8, ,    80.7, ,     0.0, ,     0.0, ,     0.0, ,
1950,    70.0, ,     1.1, ,     0.7, ,     0.0, ,     0.0, ,     0.0, ,     0.0, ,     0.0, ,     0.0, ,     0.0, ,     0.0, ,     0.0, ,    71.8, ,    88.4, ,     0.7, ,     0.0, ,     0.0, ,
1951,    24.5, ,     9.0, ,    52.1, ,     0.0, ,     0.0, ,     0.0, ,     0.0, ,     0.0, ,     0.0, ,     0.0, ,     0.0, ,    25.8, ,   111.4, ,    33.5, ,    52.1, ,     0.0, ,     0.0, ,
1952,    36.9, ,     0.4, ,     0.0, ,     0.0, ,     0.0, ,     0.0, ,     0.0, ,     0.0, ,     0.0, ,     0.0, ,     0.0, ,     0.0, ,    37.3, ,    63.1, ,     0.0, ,     0.0, ,     0.0, ,
1953,     7.4, ,     0.0, ,     0.0, ,     0.0, ,     0.0, ,     0.0, ,     0.0, ,     0.0, ,     0.0, ,     0.0, ,     0.0, ,     0.0, ,     7.4, ,     7.4, ,     0.0, ,     0.0, ,     0.0, ,
1954,    53.6, ,    16.1, ,     0.0, ,     0.0, ,     0.0, ,     0.0, ,     0.0, ,     0.0, ,     0.0, ,     0.0, ,     0.0, ,     0.0, ,    69.7, ,    69.7, ,     0.0, ,     0.0, ,     0.0, ,
1955,     0.0, ,     2.2, ,     2.9, ,     0.0, ,     0.0, ,     0.0, ,     0.0, ,     0.0, ,     0.0, ,     0.0, ,    15.7, ,     9.1, ,    29.8, ,     2.2, ,     2.9, ,     0.0, ,    15.7, ,
1956,     0.0, ,     7.9, ,    13.4, ,     0.0, ,     0.0, ,     0.0, ,     0.0, ,     0.0, ,     0.0, ,     0.0, ,     0.0, ,     0.0, ,    21.3, ,    17.0, ,    13.4, ,     0.0, ,     0.0, ,
1957,    10.2, ,    17.9, ,     0.0, ,     0.0, ,     0.0, ,     0.0, ,     0.0, ,     0.0, ,     0.0, ,     0.0, , -9999.9,M, -9999.9,M, -9999.9,M,    28.1, ,     0.0, ,     0.0, , -9999.9,M,
1958, -9999.9,M, -9999.9,M,     0.0, ,     0.0, ,     0.0, ,     0.0, ,     0.0, ,     0.0, ,     0.0, ,     0.0, ,     0.0, ,    15.7, , -9999.9,M, -9999.9,M,     0.0, ,     0.0, ,     0.0, ,
1959,    11.2, ,     0.0, ,     0.0, ,     0.0, ,     0.0, ,     0.0, ,     0.0, ,     0.0, ,     0.0, ,     0.0, , -9999.9,M, -9999.9,M, -9999.9,M,    26.9, ,     0.0, ,     0.0, , -9999.9,M,
1960,     1.1, ,     0.0, ,     4.5, ,     0.0, ,     0.0, ,     0.0, ,     0.0, ,     0.0, ,     0.0, ,     0.0, ,     0.0, ,     0.0, ,     5.6, , -9999.9,M,     4.5, ,     0.0, ,     0.0, ,
1961,     9.0, ,     6.6, ,     0.0, ,     0.0, ,     0.0, ,     0.0, ,     0.0, ,     0.0, ,     0.0, ,     0.0, ,     0.0, ,     9.0, ,    24.6, ,    15.6, ,     0.0, ,     0.0, ,     0.0, ,
1962,    16.1, ,     4.5, ,    15.6, ,     0.0, ,     0.0, ,     0.0, ,     0.0, ,     0.0, ,     0.0, ,     0.0, ,     0.0, ,     0.0, ,    36.2, ,    29.6, ,    15.6, ,     0.0, ,     0.0, ,
1963,     0.8, ,     0.0, ,     0.0, ,     0.0, ,     0.0, ,     0.0, ,     0.0, ,     0.0, ,     0.0, ,     0.0, ,     0.0, ,     0.0, ,     0.8, ,     0.8, ,     0.0, ,     0.0, ,     0.0, ,
1964,    22.4, ,     0.0, ,     0.0, ,     0.0, ,     0.0, ,     0.0, ,     0.0, ,     0.0, ,     0.0, ,     0.0, ,     4.5, , -9999.9,M, -9999.9,M,    22.4, ,     0.0, ,     0.0, ,     4.5, ,
1965,     9.0, ,     6.2, ,     0.0, ,     0.0, ,     0.0, ,     0.0, ,     0.0, ,     0.0, ,     0.0, ,     0.0, ,     0.0, ,    28.2, ,    43.3, , -9999.9,M,     0.0, ,     0.0, ,     0.0, ,
1966,    41.4, ,     0.0, ,     0.0, ,     0.7, ,     0.0, ,     0.0, ,     0.0, ,     0.0, ,     0.0, ,     0.0, ,     0.0, ,     0.0, ,    42.1, ,    69.5, ,     0.7, ,     0.0, ,     0.0, ,
1967,     4.5, ,     0.0, ,     1.1, ,     0.0, ,     0.0, ,     0.0, ,     0.0, ,     0.0, ,     0.0, ,     0.0, ,     0.0, ,    43.6, ,    49.2, ,     4.5, ,     1.1, ,     0.0, ,     0.0, ,
1968,     4.5, ,     0.0, ,     0.0, ,     0.0, ,     0.0, ,     0.0, ,     0.0, ,     0.0, ,     0.0, ,     0.0, ,     0.0, ,    47.1, ,    51.6, ,    48.1, ,     0.0, ,     0.0, ,     0.0, ,
1969,    97.9, ,     4.5, ,     0.0, ,     0.0, ,     0.0, ,     0.0, ,     0.0, ,     0.0, ,     0.0, ,     0.0, ,     0.0, ,     0.0, ,   102.4, ,   149.6, ,     0.0, ,     0.0, ,     0.0, ,
1970,     6.7, ,     0.0, ,     0.0, ,     0.0, ,     0.0, ,     0.0, ,     0.0, ,     0.0, ,     0.0, ,     0.0, ,     9.0, ,    22.4, ,    38.0, ,     6.7, ,     0.0, ,     0.0, ,     9.0, ,
1971,    72.4, ,     2.5, ,    17.9, ,     0.0, ,     0.0, ,     0.0, ,     0.0, ,     0.0, ,     0.0, ,     0.0, ,     0.0, , -9999.9,M, -9999.9,M,    97.2, ,    17.9, ,     0.0, ,     0.0, ,
1972,     6.7, ,     0.0, ,     0.1, ,     0.0, ,     0.0, ,     0.0, ,     0.0, ,     0.0, ,     0.0, ,     0.0, ,     0.0, ,     8.5, ,    15.3, , -9999.9,M,     0.1, ,     0.0, ,     0.0, ,
1973,     4.4, ,     0.0, ,     0.0, ,     0.0, ,     0.0, ,     0.0, ,     0.0, ,     0.0, ,     0.0, ,     0.0, ,    14.5, ,     0.0, ,    18.9, ,    12.9, ,     0.0, ,     0.0, ,    14.5, ,
1974,    27.3, ,     0.0, ,     1.6, ,     0.0, ,     0.0, ,     0.0, ,     0.0, ,     0.0, ,     0.0, ,     0.0, ,     0.0, ,     0.0, ,    28.9, ,    27.3, ,     1.6, ,     0.0, ,     0.0, ,
1975,    43.2, ,    82.0, ,     0.0, ,     0.0, ,     0.0, ,     0.0, ,     0.0, , -9999.9,M, -9999.9,M,     0.0, ,    13.4, ,     9.0, , -9999.9,M,   125.2, ,     0.0, , -9999.9,M, -9999.9,M,
1976,     1.1, ,    28.0, ,     0.0, ,     0.0, ,     0.0, ,     0.0, ,     0.0, ,     0.0, ,     0.0, ,     0.0, ,     0.0, ,     0.0, ,    29.1, ,    38.1, ,     0.0, ,     0.0, ,     0.0, ,
1977,     2.3, ,     0.0, ,     0.0, ,     0.0, ,     0.0, ,     0.0, ,     0.0, ,     0.0, ,     0.0, ,     0.0, ,    21.6, ,    13.4, ,    37.3, ,     2.3, ,     0.0, ,     0.0, ,    21.6, ,
1978,    88.5, ,     0.0, ,     0.0, ,     0.0, ,     0.0, ,     0.0, ,     0.0, ,     0.0, ,     0.0, ,     0.0, ,     0.0, ,     0.3, ,    88.9, ,   101.9, ,     0.0, ,     0.0, ,     0.0, ,
1979,     0.2, ,     0.2, ,     0.0, ,     0.0, ,     0.0, ,     0.0, ,     0.0, ,     0.0, ,     0.0, ,     0.0, ,     0.0, ,     0.0, ,     0.4, ,     0.7, ,     0.0, ,     0.0, ,     0.0, ,
1980,    21.7, ,     0.1, ,     0.1, ,     0.0, ,     0.0, ,     0.0, ,     0.0, ,     0.0, ,     0.0, ,     0.0, ,     0.0, ,    38.7, ,    60.7, ,    21.9, ,     0.1, ,     0.0, ,     0.0, ,
1981,     0.0, ,     0.0, ,     0.0, ,     0.0, ,     0.0, ,     0.0, ,     0.0, ,     0.0, ,     0.0, ,     0.0, ,     0.0, ,     0.0, ,     0.0, ,    38.7, ,     0.0, ,     0.0, ,     0.0, ,
1982,    16.7, ,    12.3, ,     0.0, ,     0.0, ,     0.0, ,     0.0, ,     0.0, ,     0.0, ,     0.0, ,     0.0, ,     0.0, ,     0.0, ,    29.0, ,    29.0, ,     0.0, ,     0.0, ,     0.0, ,
1983,     0.0, ,     0.0, ,     0.0, ,     0.0, ,     0.0, ,     0.0, ,     0.0, ,     0.0, ,     0.0, ,     0.0, ,     0.0, ,     0.0, ,     0.0, ,     0.0, ,     0.0, ,     0.0, ,     0.0, ,
1984,     4.4, ,     0.0, , -9999.9,M,     0.0, ,     0.0, ,     0.0, ,     0.0, ,     0.0, ,     0.0, ,     4.6, ,     8.6, ,    18.4, , -9999.9,M,     4.4, , -9999.9,M,     0.0, ,    13.2, ,
1985,     6.0, ,    26.7, ,     1.4, ,     0.0, ,     0.0, ,     0.0, ,     0.0, ,     0.0, ,     0.0, ,     0.0, ,    45.2, ,     9.9, ,    89.2, ,    51.1, ,     1.4, ,     0.0, ,    45.2, ,
1986,     1.0, , -9999.9,M,     0.0, ,     0.0, ,     0.0, ,     0.0, ,     0.0, ,     0.0, ,     0.0, ,     0.0, ,     0.1, ,     0.0, , -9999.9,M, -9999.9,M,     0.0, ,     0.0, ,     0.1, ,
1987,     1.8, , -9999.9,M,     1.0, ,     0.0, ,     0.0, ,     0.0, ,     0.0, ,     0.0, ,     0.0, ,     0.0, ,     0.0, ,     0.2, , -9999.9,M, -9999.9,M,     1.0, ,     0.0, ,     0.0, ,
1988,     0.0, ,     0.2, ,     0.0, ,     0.0, ,     0.0, ,     0.0, ,     0.0, ,     0.0, ,     0.0, ,     0.0, ,     0.6, ,     1.4, ,     2.2, ,     0.4, ,     0.0, ,     0.0, ,     0.6, ,
1989,    26.0, ,    11.4, ,     0.1, ,     0.0, ,     0.0, ,     0.0, ,     0.0, ,     0.0, ,     0.0, ,     0.0, ,     0.0, ,     0.0, ,    37.5, ,    38.8, ,     0.1, ,     0.0, ,     0.0, ,
1990,    10.6, ,    20.7, ,     6.2, ,     0.0, ,     0.0, ,     0.0, ,     0.0, ,     0.0, ,     0.0, ,     0.0, ,     0.4, ,    35.2, ,    73.1, ,    31.2, ,     6.2, ,     0.0, ,     0.4, ,
1991,    40.5, ,     0.1, ,     9.2, ,     0.0, ,     0.0, ,     0.0, ,     0.0, ,     0.0, ,     0.0, ,     0.1, ,     0.0, ,     0.0, ,    49.9, ,    75.8, ,     9.2, ,     0.0, ,     0.1, ,
1992,     0.0, ,     0.0, ,     0.0, ,     0.0, ,     0.0, ,     0.0, ,     0.0, ,     0.0, ,     0.0, ,     0.0, ,     0.0, ,    31.7, ,    31.7, ,     0.0, ,     0.0, ,     0.0, ,     0.0, ,
1993,    16.8, ,     0.0, ,     0.0, ,     0.0, ,     0.0, ,     0.0, ,     0.0, ,     0.0, ,     0.0, ,     0.0, ,     0.0, ,     0.0, ,    16.8, ,    48.5, ,     0.0, ,     0.0, ,     0.0, ,
1994,     0.0, ,     3.1, ,     0.1, ,     0.0, ,     0.0, ,     0.0, ,     0.0, ,     0.0, ,     0.0, ,     0.0, ,     4.5, ,     9.2, ,    16.9, ,     3.1, ,     0.1, ,     0.0, ,     4.5, ,
1995,     0.0, ,    11.4, ,     0.2, ,     0.0, ,     0.0, ,     0.0, ,     0.0, ,     0.0, ,     0.0, ,     0.0, ,     0.2, ,     0.1, ,    12.0, ,    20.7, ,     0.2, ,     0.0, ,     0.2, ,
1996,    13.1, ,     2.8, ,    15.8, ,     0.0, ,     0.0, ,     0.0, ,     0.0, ,     0.0, ,     0.0, ,     0.0, ,     8.0, ,    42.2, ,    81.9, ,    15.9, ,    15.8, ,     0.0, ,     8.0, ,
1997,     0.0, ,     0.0, ,     2.6, ,     0.0, ,     0.0, ,     0.0, ,     0.0, ,     0.0, ,     0.0, ,     0.0, ,     0.0, ,     0.0, ,     2.6, ,    42.2, ,     2.6, ,     0.0, ,     0.0, ,
1998,     6.6, ,     0.0, ,     0.0, ,     0.0, ,     0.0, ,     0.0, ,     0.0, ,     0.0, ,     0.0, ,     0.0, ,     0.0, ,    16.7, ,    23.3, ,     6.6, ,     0.0, ,     0.0, ,     0.0, ,
1999,     0.0, ,     4.0, ,     0.0, ,     0.0, ,     0.0, ,     0.0, ,     0.0, ,     0.0, ,     0.0, ,     0.0, ,     0.0, ,     0.0, ,     4.0, ,    20.7, ,     0.0, ,     0.0, ,     0.0, ,
2000,     9.7, ,     0.0, ,     0.0, ,     0.0, ,     0.0, ,     0.0, ,     0.0, ,     0.0, ,     0.0, ,     0.0, ,     0.0, ,    17.2, ,    26.9, ,     9.7, ,     0.0, ,     0.0, ,     0.0, ,
2001,     0.0, ,     8.8, ,     0.1, ,     0.0, ,     0.0, ,     0.0, ,     0.0, ,     0.0, ,     0.0, ,     0.0, ,     5.2, ,     0.0, ,    14.1, ,    26.1, ,     0.1, ,     0.0, ,     5.2, ,
2002, -9999.9,M,     0.3, ,     0.1, ,     0.0, ,     0.0, ,     0.0, ,     0.0, ,     0.0, , -9999.9,M,     0.0, ,     0.0, ,     0.1, , -9999.9,M, -9999.9,M,     0.1, ,     0.0, , -9999.9,M,
2003,     0.0, ,     0.0, ,    15.0, ,     0.0, ,     0.0, ,     0.0, ,     0.0, ,     0.0, ,     0.0, ,     0.0, ,     0.0, ,    19.2, ,    34.1, ,     0.1, ,    15.0, ,     0.0, ,     0.0, ,
2004,    15.1, ,     0.0, , -9999.9,M,     0.0, ,     0.0, ,     0.0, ,     0.0, ,     0.0, ,     0.0, ,     0.0, ,     0.0, ,     0.0, , -9999.9,M,    34.2, , -9999.9,M,     0.0, ,     0.0, ,
2005,     7.0, ,     3.6, ,     0.0, ,     0.0, ,     0.0, , -9999.9,M,     0.0, ,     0.0, ,     0.0, ,     0.0, ,     4.6, ,     0.2, , -9999.9,M,    10.7, ,     0.0, , -9999.9,M,     4.6, ,
2006,     0.1, ,     3.5, ,     4.5, ,     0.0, ,     0.0, ,     0.0, , -9999.9,M,     0.0, ,     0.0, ,     0.0, ,    23.6, ,     5.6, , -9999.9,M,     3.9, ,     4.5, , -9999.9,M,    23.6, ,
2007,    10.6, ,     1.7, ,     0.0, ,     0.0, ,     0.0, ,     0.0, ,     0.0, , -9999.9,M, -9999.9,M, -9999.9,M, -9999.9,M, -9999.9,M, -9999.9,M,    17.8, ,     0.0, , -9999.9,M, -9999.9,M,
2008, -9999.9,M, -9999.9,M, -9999.9,M, -9999.9,M, -9999.9,M, -9999.9,M, -9999.9,M, -9999.9,M, -9999.9,M, -9999.9,M, -9999.9,M, -9999.9,M, -9999.9,M, -9999.9,M, -9999.9,M, -9999.9,M, -9999.9,M,
2009, -9999.9,M, -9999.9,M, -9999.9,M, -9999.9,M, -9999.9,M, -9999.9,M, -9999.9,M, -9999.9,M, -9999.9,M, -9999.9,M, -9999.9,M, -9999.9,M, -9999.9,M, -9999.9,M, -9999.9,M, -9999.9,M, -9999.9,M,
2010, -9999.9,M, -9999.9,M, -9999.9,M, -9999.9,M, -9999.9,M, -9999.9,M, -9999.9,M, -9999.9,M, -9999.9,M, -9999.9,M, -9999.9,M, -9999.9,M, -9999.9,M, -9999.9,M, -9999.9,M, -9999.9,M, -9999.9,M,
2011, -9999.9,M, -9999.9,M, -9999.9,M, -9999.9,M, -9999.9,M, -9999.9,M, -9999.9,M, -9999.9,M, -9999.9,M, -9999.9,M, -9999.9,M, -9999.9,M, -9999.9,M, -9999.9,M, -9999.9,M, -9999.9,M, -9999.9,M,
2012, -9999.9,M, -9999.9,M, -9999.9,M, -9999.9,M, -9999.9,M, -9999.9,M, -9999.9,M, -9999.9,M, -9999.9,M, -9999.9,M, -9999.9,M, -9999.9,M, -9999.9,M, -9999.9,M, -9999.9,M, -9999.9,M, -9999.9,M,
2013, -9999.9,M, -9999.9,M, -9999.9,M, -9999.9,M, -9999.9,M, -9999.9,M, -9999.9,M, -9999.9,M, -9999.9,M, -9999.9,M, -9999.9,M, -9999.9,M, -9999.9,M, -9999.9,M, -9999.9,M, -9999.9,M, -9999.9,M,
2014, -9999.9,M, -9999.9,M, -9999.9,M, -9999.9,M, -9999.9,M, -9999.9,M, -9999.9,M, -9999.9,M, -9999.9,M, -9999.9,M, -9999.9,M, -9999.9,M, -9999.9,M, -9999.9,M, -9999.9,M, -9999.9,M, -9999.9,M,
2015, -9999.9,M, -9999.9,M, -9999.9,M, -9999.9,M, -9999.9,M, -9999.9,M, -9999.9,M, -9999.9,M, -9999.9,M, -9999.9,M, -9999.9,M, -9999.9,M, -9999.9,M, -9999.9,M, -9999.9,M, -9999.9,M, -9999.9,M,
2016, -9999.9,M, -9999.9,M, -9999.9,M, -9999.9,M, -9999.9,M, -9999.9,M, -9999.9,M, -9999.9,M, -9999.9,M, -9999.9,M, -9999.9,M, -9999.9,M, -9999.9,M, -9999.9,M, -9999.9,M, -9999.9,M, -9999.9,M,
2017, -9999.9,M, -9999.9,M, -9999.9,M, -9999.9,M, -9999.9,M, -9999.9,M, -9999.9,M, -9999.9,M, -9999.9,M, -9999.9,M, -9999.9,M, -9999.9,M, -9999.9,M, -9999.9,M, -9999.9,M, -9999.9,M, -9999.9,M,
