1101200,BURQUITLAM VANCOUVER GOLF,BC,station joined    , Monthly total of daily adjusted snowfall, mm, Updated to December 2017
1101200,BURQUITLAM VANCOUVER GOLF,BC,station jointe    , Total mensuel des chutes de neige quotidiennes ajustées, mm,  Mise à jour jusqu à décembre 2017
Year,     Jan, ,     Feb, ,     Mar, ,     Apr, ,     May, ,     Jun, ,     Jul, ,     Aug, ,     Sep, ,     Oct, ,     Nov, ,     Dec, ,  Annual, ,  Winter, ,  Spring, ,  Summer, ,  Autumn
An  ,    Janv, ,     Fév, ,    Mars, ,     Avr, ,     Mai, ,    Juin, ,    Juil, ,    Août, ,    Sept, ,     Oct, ,     Nov, ,     Déc, ,  Annuel, ,   Hiver, ,Printemp, ,     Eté, , Automne
1926,     0.0, ,     0.1, ,     0.0, ,     0.1, ,     0.0, ,     0.0, ,     0.0, ,     0.0, ,     0.0, ,     0.0, ,     0.0, ,    40.0, ,    40.3, ,   -10.0, ,     0.1, ,     0.0, ,     0.0, ,
1927,    48.5, ,     0.1, ,    12.2, ,     0.1, ,     0.0, ,     0.0, ,     0.0, ,     0.0, ,     0.0, ,     0.0, ,     7.9, ,    70.8, ,   139.6, ,    88.7, ,    12.3, ,     0.0, ,     7.9, ,
1928,     4.5, ,     0.4, ,     1.2, ,     0.0, ,     0.0, ,     0.0, ,     0.0, ,     0.0, ,     0.0, ,     0.0, ,     0.0, ,     1.6, ,     7.7, ,    75.7, ,     1.2, ,     0.0, ,     0.0, ,
1929,    42.4, ,     3.1, ,     2.7, ,     4.6, ,     0.0, ,     0.0, ,     0.0, ,     0.0, ,     0.0, ,     0.0, ,     0.0, ,    48.6, ,   101.4, ,    47.1, ,     7.3, ,     0.0, ,     0.0, ,
1930,     6.7, ,     0.0, ,     1.3, ,     0.0, ,     0.0, ,     0.0, ,     0.0, ,     0.0, ,     0.0, ,     1.2, ,    12.1, ,     0.1, ,    21.3, ,    55.3, ,     1.3, ,     0.0, ,    13.2, ,
1931,     0.0, ,     2.9, ,     9.2, ,     0.0, ,     0.0, ,     0.0, ,     0.0, ,     0.0, ,     0.0, ,     0.0, ,     5.0, ,    14.5, ,    31.6, ,     3.0, ,     9.2, ,     0.0, ,     5.0, ,
1932,    54.2, ,    10.1, ,     7.9, ,     0.0, ,     0.0, ,     0.0, ,     0.0, ,     0.0, ,     0.0, ,     0.0, ,     0.0, ,     4.0, ,    76.4, ,    78.9, ,     7.9, ,     0.0, ,     0.0, ,
1933,    93.3, ,    29.0, ,     2.3, ,     0.0, ,     0.0, ,     0.0, ,     0.0, ,     0.0, ,     0.0, ,     0.0, ,     0.0, ,    23.3, ,   148.0, ,   126.4, ,     2.3, ,     0.0, ,     0.0, ,
1934,     7.6, ,     0.0, ,     0.2, ,     0.0, ,     0.0, ,     0.0, ,     0.0, ,     0.0, ,     0.0, ,     0.0, ,     0.0, ,    62.5, ,    70.3, ,    30.9, ,     0.2, ,     0.0, ,     0.0, ,
1935,    91.8, ,     0.1, ,    20.5, ,     0.1, ,     0.0, ,     0.0, ,     0.0, ,     0.0, ,     0.0, ,     1.3, ,     0.0, ,     0.0, ,   113.8, ,   154.4, ,    20.6, ,     0.0, ,     1.3, ,
1936,     0.3, ,    54.9, ,    15.2, ,     0.3, ,     0.0, ,     0.0, ,     0.0, ,     0.0, ,     0.0, ,     0.0, ,     0.0, ,     7.9, ,    78.7, ,    55.3, ,    15.5, ,     0.0, ,     0.0, ,
1937,    46.8, ,    73.8, ,     0.0, ,     0.0, ,     0.0, ,     0.0, ,     0.0, ,     0.0, ,     0.0, ,     0.0, ,    20.6, ,    37.3, ,   178.5, ,   128.5, ,     0.0, ,     0.0, ,    20.6, ,
1938,    15.8, ,    15.0, ,     0.6, ,     0.0, ,     0.0, ,     0.0, ,     0.0, ,     0.0, ,     0.0, ,     0.0, ,     7.2, ,    16.8, ,    55.4, ,    68.2, ,     0.6, ,     0.0, ,     7.2, ,
1939,     1.6, ,    54.1, ,     2.3, ,     0.0, ,     0.0, ,     0.0, ,     0.0, ,     0.0, ,     0.0, ,     0.1, ,     0.0, ,     0.3, ,    58.4, ,    72.5, ,     2.3, ,     0.0, ,     0.1, ,
1940,    15.2, ,     9.1, ,     0.0, ,     0.0, ,     0.0, ,     0.0, ,     0.0, ,     0.0, ,     0.0, ,     0.0, ,     2.0, ,     0.0, ,    26.4, ,    24.6, ,     0.0, ,     0.0, ,     2.0, ,
1941,     3.4, ,     4.5, ,     0.0, ,     0.0, ,     0.0, ,     0.0, ,     0.0, ,     0.0, ,     0.0, ,     0.0, ,     0.0, ,     4.5, ,    12.5, ,     7.9, ,     0.0, ,     0.0, ,     0.0, ,
1942,     4.5, ,     0.0, ,     2.0, ,     0.0, ,     0.0, ,     0.0, ,     0.0, ,     0.0, ,     0.0, ,     0.0, ,     0.2, ,    18.1, ,    24.8, ,     9.1, ,     2.0, ,     0.0, ,     0.2, ,
1943,    52.8, ,    20.7, ,     4.5, ,     0.0, ,     0.0, ,     0.0, ,     0.0, ,     0.0, ,     0.0, ,     0.0, ,     0.0, ,     0.3, ,    78.3, ,    91.6, ,     4.5, ,     0.0, ,     0.0, ,
1944,     3.2, ,    19.9, ,     1.0, ,     0.0, ,     0.0, ,     0.0, ,     0.0, ,     0.0, ,     0.0, ,     0.0, ,     0.0, ,     1.0, ,    25.1, ,    23.3, ,     1.0, ,     0.0, ,     0.0, ,
1945,     0.0, ,     1.3, ,     1.6, ,     1.6, ,     0.0, ,     0.0, ,     0.0, ,     0.0, ,    14.0, ,     0.0, ,    10.4, ,     0.7, ,    29.6, ,     2.3, ,     3.2, ,     0.0, ,    24.4, ,
1946,    36.0, ,    17.7, ,     1.2, ,     0.0, ,     0.0, ,     0.0, ,     0.0, ,     0.0, ,     0.0, ,     0.0, ,    16.8, ,     9.1, ,    80.8, ,    54.5, ,     1.2, ,     0.0, ,    16.8, ,
1947, -9999.9,M, -9999.9,M, -9999.9,M, -9999.9,M, -9999.9,M,     0.0, ,     0.0, ,     0.0, ,     0.0, ,     0.0, ,     0.0, ,     0.1, , -9999.9,M, -9999.9,M, -9999.9,M,     0.0, ,     0.0, ,
1948,     0.0, ,     9.0, ,     0.0, ,     0.0, ,     0.0, ,     0.0, ,     0.0, ,     0.0, ,     0.0, ,     0.0, ,     4.5, ,    37.6, ,    51.1, ,     9.1, ,     0.0, ,     0.0, ,     4.5, ,
1949,    23.1, ,   101.7, ,     0.0, ,     0.0, ,     0.0, ,     0.0, ,     0.0, ,     0.0, ,     0.0, ,     0.0, ,     0.0, ,    35.4, ,   160.3, ,   162.5, ,     0.0, ,     0.0, ,     0.0, ,
1950,    93.8, ,     2.2, ,     0.0, ,     0.0, ,     0.0, ,     0.0, ,     0.0, ,     0.0, ,     0.0, ,     0.0, ,     4.5, ,     0.0, ,   100.6, ,   131.4, ,     0.0, ,     0.0, ,     4.5, ,
1951,    52.1, ,     6.8, ,    76.8, ,     0.0, ,     0.0, ,     0.0, ,     0.0, ,     0.0, ,     0.0, ,     0.0, ,     0.0, ,    38.9, ,   174.5, ,    58.8, ,    76.8, ,     0.0, ,     0.0, ,
1952,    26.0, ,     0.0, ,     0.0, ,     0.0, ,     0.0, ,     0.0, ,     0.0, ,     0.0, ,     0.0, ,     0.0, ,     0.0, ,     0.0, ,    26.0, ,    64.9, ,     0.0, ,     0.0, ,     0.0, ,
1953,    11.3, , -9999.9,M,     0.0, ,     0.0, ,     0.0, ,     0.0, ,     0.0, ,     0.0, ,     0.0, ,     0.0, ,     0.0, ,     0.0, , -9999.9,M, -9999.9,M,     0.0, ,     0.0, ,     0.0, ,
1954,   109.0, ,     0.0, ,     0.0, ,     0.0, , -9999.9,M,     0.0, ,     0.0, ,     0.0, ,     0.0, ,     0.0, ,     0.0, ,     0.0, , -9999.9,M,   109.0, , -9999.9,M,     0.0, ,     0.0, ,
1955,     0.0, ,    19.2, ,     0.0, ,     0.0, ,     0.0, ,     0.0, ,     0.0, ,     0.0, ,     0.0, ,     0.0, ,     0.0, ,     9.1, ,    28.3, ,    19.2, ,     0.0, ,     0.0, ,     0.0, ,
1956,     0.0, ,    21.6, ,     0.0, ,     0.0, ,     0.0, ,     0.0, ,     0.0, ,     0.0, ,     0.0, ,     0.0, ,     0.0, ,     4.5, ,    26.1, ,    30.6, ,     0.0, ,     0.0, ,     0.0, ,
1957,     6.9, , -9999.9,M,     0.0, ,     0.0, ,     0.0, ,     0.0, ,     0.0, ,     0.0, , -9999.9,M,     0.0, ,     0.0, ,     0.0, , -9999.9,M, -9999.9,M,     0.0, ,     0.0, , -9999.9,M,
1958,     0.0, ,     0.0, ,     0.0, , -9999.9,M, -9999.9,M,     0.0, ,     0.0, ,     0.0, ,     0.0, ,     0.0, ,     4.7, ,    24.8, , -9999.9,M,     0.0, , -9999.9,M,     0.0, ,     4.7, ,
1959,     7.7, ,     0.3, ,     3.0, ,     0.0, ,     0.0, ,     0.0, ,     0.0, ,     0.0, ,     0.0, ,     0.0, ,     5.7, ,     0.0, ,    16.7, ,    32.8, ,     3.0, ,     0.0, ,     5.7, ,
1960,    14.9, ,     0.0, ,    16.3, ,     0.0, ,     0.0, ,     0.0, ,     0.0, ,     0.0, ,     0.0, ,     0.0, ,     0.1, ,     0.1, ,    31.4, ,    14.9, ,    16.3, ,     0.0, ,     0.1, ,
1961,     4.5, ,     0.1, ,     5.8, ,     0.0, ,     0.0, ,     0.0, ,     0.0, ,     0.0, ,     0.0, ,     0.0, ,     4.5, ,    18.1, ,    33.1, ,     4.8, ,     5.8, ,     0.0, ,     4.5, ,
1962,    38.9, ,     0.1, ,    30.1, ,     0.0, ,     0.0, ,     0.0, ,     0.0, ,     0.0, ,     0.0, ,     0.0, ,     8.0, ,     2.5, ,    79.7, ,    57.1, ,    30.1, ,     0.0, ,     8.0, ,
1963,     7.9, ,     0.0, ,     0.1, ,     0.0, ,     0.0, ,     0.0, ,     0.0, ,     0.0, ,     0.0, ,     0.0, ,     0.1, ,     0.0, ,     8.1, ,    10.5, ,     0.1, ,     0.0, ,     0.1, ,
1964,     1.7, ,     0.0, ,     0.2, ,     0.0, ,     0.0, ,     0.0, ,     0.0, ,     0.0, ,     0.0, ,     0.0, ,     3.5, ,   113.9, ,   119.3, ,     1.7, ,     0.2, ,     0.0, ,     3.5, ,
1965,    41.2, ,     0.4, ,     0.2, ,     0.0, ,     0.0, ,     0.0, ,     0.0, ,     0.0, ,     0.0, ,     0.0, ,     0.0, ,    74.1, ,   115.9, ,   155.5, ,     0.2, ,     0.0, ,     0.0, ,
1966,    55.4, ,     6.4, ,     3.7, ,     0.0, ,     0.0, ,     0.0, ,     0.0, ,     0.0, ,     0.0, ,     0.0, ,     0.0, ,     4.5, ,    70.0, ,   135.9, ,     3.7, ,     0.0, ,     0.0, ,
1967,     5.7, ,     0.1, ,     3.5, ,     0.1, ,     0.0, ,     0.0, ,     0.0, ,     0.0, ,     0.0, ,     0.0, ,     0.1, ,     6.8, ,    16.3, ,    10.3, ,     3.6, ,     0.0, ,     0.1, ,
1968,    13.5, ,     0.0, ,     0.0, ,     0.1, ,     0.0, ,     0.0, ,     0.0, ,     0.0, ,     0.0, ,     0.0, ,     4.5, ,    53.7, ,    71.8, ,    20.2, ,     0.1, ,     0.0, ,     4.5, ,
1969,    98.0, ,    10.2, ,     0.0, ,     0.0, ,     0.0, ,     0.0, ,     0.0, ,     0.0, ,     0.0, ,     0.0, ,     0.0, ,     0.0, ,   108.2, ,   161.9, ,     0.0, ,     0.0, ,     0.0, ,
1970,     4.7, ,     0.0, ,     0.0, ,     0.0, ,     0.0, ,     0.0, ,     0.0, ,     0.0, ,     0.0, ,     0.0, ,     2.7, ,    22.0, ,    29.3, ,     4.7, ,     0.0, ,     0.0, ,     2.7, ,
1971,    82.5, ,    31.6, ,     2.2, ,     0.0, ,     0.0, ,     0.0, ,     0.0, ,     0.0, ,     0.0, ,     0.1, ,     0.0, ,    69.6, ,   186.0, ,   136.1, ,     2.2, ,     0.0, ,     0.1, ,
1972,    41.3, ,     1.4, ,     0.0, ,     3.4, ,     0.0, ,     0.0, ,     0.0, ,     0.0, ,     0.0, ,     0.0, ,     0.0, ,    20.3, ,    66.3, ,   112.2, ,     3.4, ,     0.0, ,     0.0, ,
1973,     2.2, ,     0.0, ,     0.0, ,     0.0, ,     0.0, ,     0.0, ,     0.0, ,     0.0, ,     0.0, ,     0.0, ,    11.3, ,     3.4, ,    16.9, ,    22.5, ,     0.0, ,     0.0, ,    11.3, ,
1974,    13.6, ,     0.0, ,     3.6, ,     0.0, ,     0.0, ,     0.0, ,     0.0, ,     0.0, ,     0.0, ,     0.0, ,     0.0, ,     3.5, ,    20.7, ,    17.0, ,     3.6, ,     0.0, ,     0.0, ,
1975,    16.5, ,    38.0, ,     0.0, ,     0.0, ,     0.0, ,     0.0, ,     0.0, ,     0.0, ,     0.0, ,     0.0, ,    19.3, ,    25.1, ,    98.9, ,    57.9, ,     0.0, ,     0.0, ,    19.3, ,
1976,     3.5, ,    14.8, ,     0.2, ,     0.0, ,     0.0, ,     0.0, ,     0.0, ,     0.0, ,     0.0, ,     0.0, ,     0.0, ,     0.0, ,    18.5, ,    43.4, ,     0.2, ,     0.0, ,     0.0, ,
1977,     0.2, ,     0.0, ,     4.7, ,     0.0, ,     0.0, ,     0.0, ,     0.0, ,     0.0, ,     0.0, ,     0.0, ,     1.8, ,     4.5, ,    11.1, ,     0.2, ,     4.7, ,     0.0, ,     1.8, ,
1978,    28.5, ,     5.1, ,     0.0, ,     0.0, ,     0.0, ,     0.0, ,     0.0, ,     0.0, ,     0.0, ,     0.0, ,     0.9, ,     2.7, ,    37.1, ,    38.0, ,     0.0, ,     0.0, ,     0.9, ,
1979,    14.8, ,     1.1, ,     0.0, ,     0.0, ,     0.0, ,     0.0, ,     0.0, ,     0.0, ,     0.0, ,     0.0, ,     0.0, ,     1.9, ,    17.8, ,    18.6, ,     0.0, ,     0.0, ,     0.0, ,
1980,     9.8, ,     1.8, ,     2.8, ,     0.0, ,     0.0, ,     0.0, ,     0.0, ,     0.0, ,     0.0, ,     0.0, ,     0.0, ,    22.2, ,    36.5, ,    13.5, ,     2.8, ,     0.0, ,     0.0, ,
1981,     0.0, ,     0.3, ,     0.0, ,    22.2, ,     0.0, ,     0.0, ,     0.0, ,     0.0, ,     0.0, ,     0.0, ,     0.0, ,    12.5, ,    35.0, ,    22.4, ,    22.2, ,     0.0, ,     0.0, ,
1982,    36.5, ,     5.5, ,     0.0, ,     0.0, ,     0.0, ,     0.0, ,     0.0, ,     0.0, ,     0.0, ,     0.0, ,     0.0, ,     0.0, ,    42.0, ,    54.4, ,     0.0, ,     0.0, ,     0.0, ,
1983,     0.0, ,     0.0, ,     0.0, ,     0.0, ,     0.0, ,     0.0, ,     0.0, ,     0.0, ,     0.0, ,     0.0, ,     0.0, ,     8.0, ,     8.0, ,     0.0, ,     0.0, ,     0.0, ,     0.0, ,
1984,     0.9, ,     2.7, ,     0.0, ,     0.0, ,     0.0, ,     0.0, ,     0.0, ,     0.0, ,     0.0, ,     2.3, ,     4.0, ,    34.6, ,    44.5, ,    11.6, ,     0.0, ,     0.0, ,     6.3, ,
1985,     3.6, ,    26.3, ,     7.2, ,     0.5, ,     0.0, ,     0.0, ,     0.0, ,     0.0, ,     0.0, ,     0.0, ,    11.8, ,    15.2, ,    64.5, ,    64.5, ,     7.7, ,     0.0, ,    11.8, ,
1986,     0.9, ,    25.1, ,     0.0, ,     0.0, ,     0.0, ,     0.0, ,     0.0, ,     0.0, ,     0.0, ,     0.0, ,     1.1, ,     0.0, ,    27.1, ,    41.3, ,     0.0, ,     0.0, ,     1.1, ,
1987,     2.7, ,     0.5, ,     0.0, ,     0.0, ,     0.0, ,     0.0, ,     0.0, ,     0.0, ,     0.0, ,     0.0, ,     0.0, ,    25.9, ,    29.0, ,     3.1, ,     0.0, ,     0.0, ,     0.0, ,
1988,     0.9, ,     8.0, ,     0.0, ,     2.1, ,     0.0, ,     0.0, ,     0.0, ,     0.0, ,     0.0, ,     0.0, ,     2.0, ,     6.6, ,    19.6, ,    34.8, ,     2.1, ,     0.0, ,     2.0, ,
1989,    30.1, ,    17.2, ,     0.1, ,     0.0, ,     0.0, ,     0.0, ,     0.0, ,     0.0, ,     0.0, ,     0.0, ,     0.0, ,     0.1, ,    47.5, ,    53.9, ,     0.1, ,     0.0, ,     0.0, ,
1990,    15.3, ,    34.2, ,     2.4, ,     0.0, ,     0.0, ,     0.0, ,     0.0, ,     0.0, ,     0.0, ,     0.0, ,     2.7, ,    68.1, ,   122.7, ,    49.6, ,     2.4, ,     0.0, ,     2.7, ,
1991,    38.0, ,     0.1, ,    15.5, ,     0.0, ,     0.0, ,     0.0, ,     0.0, ,     0.0, ,     0.0, ,     1.4, ,     0.0, ,     0.0, ,    54.9, ,   106.1, ,    15.5, ,     0.0, ,     1.4, ,
1992,     0.0, ,     1.8, ,     0.0, ,     0.0, ,     0.0, ,     0.0, ,     0.0, ,     0.0, ,     0.0, ,     0.0, ,     0.1, ,    52.2, ,    54.1, ,     1.8, ,     0.0, ,     0.0, ,     0.1, ,
1993,    24.9, ,     8.1, ,     0.0, ,     0.0, ,     0.0, ,     0.0, ,     0.0, ,     0.0, ,     0.0, ,     0.0, ,     1.8, ,     0.0, ,    34.8, ,    85.2, ,     0.0, ,     0.0, ,     1.8, ,
1994,     0.0, ,    16.3, ,     1.5, ,     0.0, ,     0.0, ,     0.0, ,     0.0, ,     0.0, ,     0.0, ,     0.0, ,    13.3, ,     3.6, ,    34.8, ,    16.3, ,     1.5, ,     0.0, ,    13.3, ,
1995,     0.0, ,    12.5, ,     4.9, ,     0.0, ,     0.0, ,     0.0, ,     0.0, ,     0.0, ,     0.0, ,     0.0, ,     0.1, ,     0.9, ,    18.4, ,    16.0, ,     4.9, ,     0.0, ,     0.1, ,
1996,    32.6, ,     3.1, ,     0.2, ,     0.0, ,     0.0, ,     0.0, ,     0.0, ,     0.0, ,     0.0, ,     0.0, ,    10.1, , -9999.9,M, -9999.9,M,    36.6, ,     0.2, ,     0.0, ,    10.1, ,
1997,     4.6, ,     0.0, ,    13.5, ,     0.0, ,     0.0, ,     0.0, ,     0.0, ,     0.0, ,     0.0, ,     0.0, ,     0.0, ,     0.9, ,    18.9, , -9999.9,M,    13.5, ,     0.0, ,     0.0, ,
1998,    22.4, ,     0.5, ,     0.0, ,     0.0, ,     0.0, ,     0.0, ,     0.0, ,     0.0, ,     0.0, ,     0.0, ,     0.0, ,    37.6, ,    60.5, ,    23.8, ,     0.0, ,     0.0, ,     0.0, ,
1999,     0.1, ,    13.3, ,     0.2, ,     0.0, ,     0.0, ,     0.0, ,     0.0, ,     0.0, ,     0.0, ,     0.0, ,     0.0, ,     0.2, ,    13.9, ,    51.1, ,     0.2, ,     0.0, ,     0.0, ,
2000,    27.1, ,     0.1, ,     0.0, ,     0.0, ,     0.0, ,     0.0, ,     0.0, ,     0.0, ,     0.0, ,     0.0, ,     0.0, ,     9.9, ,    37.2, ,    27.5, ,     0.0, ,     0.0, ,     0.0, ,
2001,     0.1, ,     7.6, ,     0.1, ,     0.0, ,     0.0, ,     0.0, ,     0.0, ,     0.0, ,     0.0, ,     0.0, ,     0.1, ,     8.3, ,    16.2, ,    17.6, ,     0.1, ,     0.0, ,     0.1, ,
2002,    67.8, ,     0.0, ,    28.1, ,     0.0, ,     0.1, ,     0.0, ,     0.0, ,     0.0, ,     0.0, ,     0.0, ,     0.0, ,     0.2, ,    96.2, ,    76.1, ,    28.3, ,     0.0, ,     0.0, ,
2003,     0.0, ,     0.0, ,     3.6, ,     0.0, ,     0.0, ,     0.0, ,     0.0, ,     0.0, ,     0.0, ,     0.0, ,     1.2, ,    32.9, ,    37.7, ,     0.2, ,     3.6, ,     0.0, ,     1.2, ,
2004,    13.8, ,     0.0, ,     0.0, ,     0.0, ,     0.0, ,     0.0, ,     0.0, ,     0.0, ,     0.0, ,     0.0, ,     1.8, ,     0.0, ,    15.6, ,    46.7, ,     0.0, ,     0.0, ,     1.8, ,
2005,   168.2, ,    13.5, ,     0.0, ,     0.0, ,     0.0, ,     0.0, ,     0.0, ,     0.0, ,     0.0, ,     0.0, ,     7.2, ,     4.0, ,   192.9, ,   181.7, ,     0.0, ,     0.0, ,     7.2, ,
2006, -9999.9,M, -9999.9,M, -9999.9,M, -9999.9,M, -9999.9,M, -9999.9,M, -9999.9,M, -9999.9,M, -9999.9,M, -9999.9,M, -9999.9,M, -9999.9,M, -9999.9,M, -9999.9,M, -9999.9,M, -9999.9,M, -9999.9,M,
2007, -9999.9,M, -9999.9,M, -9999.9,M, -9999.9,M, -9999.9,M, -9999.9,M, -9999.9,M, -9999.9,M, -9999.9,M, -9999.9,M, -9999.9,M, -9999.9,M, -9999.9,M, -9999.9,M, -9999.9,M, -9999.9,M, -9999.9,M,
2008, -9999.9,M, -9999.9,M, -9999.9,M, -9999.9,M, -9999.9,M, -9999.9,M, -9999.9,M, -9999.9,M, -9999.9,M, -9999.9,M, -9999.9,M, -9999.9,M, -9999.9,M, -9999.9,M, -9999.9,M, -9999.9,M, -9999.9,M,
2009, -9999.9,M, -9999.9,M, -9999.9,M, -9999.9,M, -9999.9,M, -9999.9,M, -9999.9,M, -9999.9,M, -9999.9,M, -9999.9,M, -9999.9,M, -9999.9,M, -9999.9,M, -9999.9,M, -9999.9,M, -9999.9,M, -9999.9,M,
2010, -9999.9,M, -9999.9,M, -9999.9,M, -9999.9,M, -9999.9,M, -9999.9,M, -9999.9,M, -9999.9,M, -9999.9,M, -9999.9,M, -9999.9,M, -9999.9,M, -9999.9,M, -9999.9,M, -9999.9,M, -9999.9,M, -9999.9,M,
2011, -9999.9,M, -9999.9,M, -9999.9,M, -9999.9,M, -9999.9,M, -9999.9,M, -9999.9,M, -9999.9,M, -9999.9,M, -9999.9,M, -9999.9,M, -9999.9,M, -9999.9,M, -9999.9,M, -9999.9,M, -9999.9,M, -9999.9,M,
2012, -9999.9,M, -9999.9,M, -9999.9,M, -9999.9,M, -9999.9,M, -9999.9,M, -9999.9,M, -9999.9,M, -9999.9,M, -9999.9,M, -9999.9,M, -9999.9,M, -9999.9,M, -9999.9,M, -9999.9,M, -9999.9,M, -9999.9,M,
2013, -9999.9,M, -9999.9,M, -9999.9,M, -9999.9,M, -9999.9,M, -9999.9,M, -9999.9,M, -9999.9,M, -9999.9,M, -9999.9,M, -9999.9,M, -9999.9,M, -9999.9,M, -9999.9,M, -9999.9,M, -9999.9,M, -9999.9,M,
2014, -9999.9,M, -9999.9,M, -9999.9,M, -9999.9,M, -9999.9,M, -9999.9,M, -9999.9,M, -9999.9,M, -9999.9,M, -9999.9,M, -9999.9,M, -9999.9,M, -9999.9,M, -9999.9,M, -9999.9,M, -9999.9,M, -9999.9,M,
2015, -9999.9,M, -9999.9,M, -9999.9,M, -9999.9,M, -9999.9,M, -9999.9,M, -9999.9,M, -9999.9,M, -9999.9,M, -9999.9,M, -9999.9,M, -9999.9,M, -9999.9,M, -9999.9,M, -9999.9,M, -9999.9,M, -9999.9,M,
2016, -9999.9,M, -9999.9,M, -9999.9,M, -9999.9,M, -9999.9,M, -9999.9,M, -9999.9,M, -9999.9,M, -9999.9,M, -9999.9,M, -9999.9,M, -9999.9,M, -9999.9,M, -9999.9,M, -9999.9,M, -9999.9,M, -9999.9,M,
2017, -9999.9,M, -9999.9,M, -9999.9,M, -9999.9,M, -9999.9,M, -9999.9,M, -9999.9,M, -9999.9,M, -9999.9,M, -9999.9,M, -9999.9,M, -9999.9,M, -9999.9,M, -9999.9,M, -9999.9,M, -9999.9,M, -9999.9,M,
