8205700,SYDNEY                   ,NS,station joined    , Monthly total of daily adjusted snowfall, mm, Updated to December 2017
8205700,SYDNEY                   ,NS,station jointe    , Total mensuel des chutes de neige quotidiennes ajustées, mm,  Mise à jour jusqu à décembre 2017
Year,     Jan, ,     Feb, ,     Mar, ,     Apr, ,     May, ,     Jun, ,     Jul, ,     Aug, ,     Sep, ,     Oct, ,     Nov, ,     Dec, ,  Annual, ,  Winter, ,  Spring, ,  Summer, ,  Autumn
An  ,    Janv, ,     Fév, ,    Mars, ,     Avr, ,     Mai, ,    Juin, ,    Juil, ,    Août, ,    Sept, ,     Oct, ,     Nov, ,     Déc, ,  Annuel, ,   Hiver, ,Printemp, ,     Eté, , Automne
1870,   109.8, , -9999.9,M, -9999.9,M, -9999.9,M, -9999.9,M,     0.0, ,     0.0, ,     0.0, ,     0.0, ,     2.1, ,    20.5, ,    44.3, , -9999.9,M,   -10.0, , -9999.9,M,     0.0, ,    22.5, ,
1871, -9999.9,M, -9999.9,M, -9999.9,M, -9999.9,M, -9999.9,M, -9999.9,M, -9999.9,M, -9999.9,M, -9999.9,M, -9999.9,M, -9999.9,M, -9999.9,M, -9999.9,M, -9999.9,M, -9999.9,M, -9999.9,M, -9999.9,M,
1872,    79.4, ,    94.3, ,   175.2, ,    20.9, ,     0.0, ,     0.0, ,     0.0, ,     0.0, ,     0.0, ,     0.2, ,    26.1, ,   192.3, ,   588.5, , -9999.9,M,   196.1, ,     0.0, ,    26.3, ,
1873,   110.3, ,    73.7, ,   107.6, ,    71.8, ,     0.2, ,     0.0, ,     0.0, ,     0.0, ,     0.0, ,     0.0, ,    35.0, , -9999.9,M, -9999.9,M,   376.4, ,   179.6, ,     0.0, ,    35.0, ,
1874,    75.8, ,   126.7, ,    51.9, ,   152.3, ,     4.0, ,     0.0, ,     0.0, ,     0.0, ,     0.0, ,     0.0, ,    20.6, ,    81.2, ,   512.5, , -9999.9,M,   208.2, ,     0.0, ,    20.6, ,
1875,   173.2, ,   139.1, ,    68.4, ,    35.6, ,     0.0, ,     0.0, ,     0.0, ,     0.0, ,     0.0, ,     0.0, ,   101.1, ,    50.7, ,   568.2, ,   393.5, ,   104.0, ,     0.0, ,   101.1, ,
1876,   143.6, ,   144.1, ,    52.0, ,    78.3, ,     6.3, ,     0.0, ,     0.0, ,     0.0, ,     0.0, ,     1.3, ,     3.7, ,    72.7, ,   502.0, ,   338.4, ,   136.6, ,     0.0, ,     5.0, ,
1877,    88.7, ,    67.3, ,   101.6, ,    29.1, ,     6.5, ,     0.0, ,     0.0, ,     0.0, ,     0.0, ,    10.7, ,     1.6, ,   120.3, ,   425.8, ,   228.7, ,   137.2, ,     0.0, ,    12.4, ,
1878,    30.8, ,    39.0, ,    72.4, ,     0.0, ,     0.0, ,     0.0, ,     0.0, ,     0.0, ,     0.0, ,     0.0, ,     2.6, ,    29.0, ,   173.7, ,   190.1, ,    72.4, ,     0.0, ,     2.6, ,
1879,   136.8, ,    52.9, ,    79.3, ,    55.6, ,     0.4, ,     0.0, ,     0.0, ,     0.0, ,     0.0, ,     0.6, ,    66.4, ,    87.0, ,   479.1, ,   218.7, ,   135.3, ,     0.0, ,    67.1, ,
1880,    86.0, ,   116.6, ,   123.7, ,    58.2, ,     0.2, ,     0.0, ,     0.0, ,     0.0, ,     0.0, ,     0.0, ,    24.4, ,    75.9, ,   485.0, ,   289.6, ,   182.1, ,     0.0, ,    24.4, ,
1881,   140.7, ,   164.7, ,    48.3, ,     3.3, ,     0.4, ,     0.0, ,     0.0, ,     0.0, ,     0.0, ,    19.8, ,    35.5, ,    49.5, ,   462.2, ,   381.3, ,    52.0, ,     0.0, ,    55.3, ,
1882,   139.3, ,   177.0, ,    91.9, ,    41.7, ,     2.1, ,     0.0, ,     0.0, ,     0.0, ,     0.0, ,     0.0, ,    33.6, ,    67.3, ,   552.9, ,   365.7, ,   135.7, ,     0.0, ,    33.6, ,
1883,   122.5, ,    46.2, ,    95.0, ,    23.4, ,    20.4, ,     0.0, ,     0.0, ,     0.0, ,     0.0, ,     0.0, ,    16.9, ,    69.1, ,   393.5, ,   236.0, ,   138.8, ,     0.0, ,    16.9, ,
1884,    63.6, ,    88.1, ,    96.5, ,    16.9, ,     0.5, ,     0.0, ,     0.0, ,     0.0, ,     0.0, ,     3.4, ,    55.2, ,    65.2, ,   389.3, ,   220.8, ,   113.8, ,     0.0, ,    58.6, ,
1885,   101.3, ,    64.2, ,    92.6, ,    55.5, ,     0.0, ,     0.0, ,     0.0, ,     0.0, ,     0.0, ,     0.0, ,     2.1, ,    77.3, ,   393.0, ,   230.7, ,   148.1, ,     0.0, ,     2.1, ,
1886,    75.3, ,    69.1, ,    66.5, ,    11.2, ,     0.0, ,     0.0, ,     0.0, ,     0.0, ,     0.0, ,     0.7, ,     8.1, ,    46.7, ,   277.6, ,   221.7, ,    77.7, ,     0.0, ,     8.8, ,
1887,   117.4, ,   120.9, ,    52.9, ,    10.8, ,     0.0, ,     0.0, ,     0.0, ,     0.0, ,     0.0, ,     0.0, ,    19.0, ,     6.2, ,   327.1, ,   285.0, ,    63.6, ,     0.0, ,    19.0, ,
1888,   114.1, ,    47.3, ,    21.6, ,   107.1, ,    20.8, ,     0.0, ,     0.0, ,     0.0, ,     0.0, ,     0.0, ,    18.3, ,    24.2, ,   353.3, ,   167.6, ,   149.4, ,     0.0, ,    18.3, ,
1889,    18.7, ,    99.5, ,    20.7, ,    18.4, ,     0.0, ,     0.0, ,     0.0, ,     0.0, ,     0.0, ,     0.0, ,     3.7, ,    78.6, ,   239.6, ,   142.4, ,    39.0, ,     0.0, ,     3.7, ,
1890,    85.3, ,    56.9, ,    34.4, ,    18.1, ,     0.0, ,     0.0, ,     0.0, ,     0.0, ,     0.0, ,     0.0, ,     5.5, ,    78.8, ,   279.2, ,   220.9, ,    52.5, ,     0.0, ,     5.5, ,
1891,    86.2, ,    41.4, ,    50.7, ,    67.9, ,     0.2, ,     0.0, ,     0.0, ,     0.0, ,     0.0, ,     0.2, ,     0.9, ,    18.9, ,   266.6, ,   206.5, ,   118.9, ,     0.0, ,     1.1, ,
1892,    47.5, ,   129.0, ,    58.9, ,     6.1, ,     0.8, ,     0.0, ,     0.0, ,     0.0, ,     0.0, ,     0.0, ,    23.4, ,    50.6, ,   316.3, ,   195.4, ,    65.9, ,     0.0, ,    23.4, ,
1893,   127.7, , -9999.9,M, -9999.9,M, -9999.9,M, -9999.9,M,     0.0, ,     0.0, ,     0.0, ,     0.0, ,     0.0, ,     0.0, ,    67.0, , -9999.9,M, -9999.9,M, -9999.9,M,     0.0, ,     0.0, ,
1894,    42.0, ,    34.5, ,   134.9, ,    48.9, ,     0.0, ,     0.0, ,     0.0, ,     0.0, ,     0.0, ,     0.0, ,    24.5, ,     4.0, ,   288.9, ,   143.4, ,   183.9, ,     0.0, ,    24.5, ,
1895,    70.8, ,   153.3, ,    50.3, ,    16.4, ,     0.0, ,     0.0, ,     0.0, ,     0.0, ,     0.0, ,     0.0, ,     8.4, ,     1.2, ,   300.4, ,   228.2, ,    66.7, ,     0.0, ,     8.4, ,
1896,   141.2, ,    91.9, ,    43.0, ,    50.9, ,     0.2, ,     0.0, ,     0.0, ,     0.0, ,     0.0, ,     0.0, ,    22.5, ,    45.1, ,   394.9, ,   234.3, ,    94.1, ,     0.0, ,    22.5, ,
1897,    57.3, ,   120.8, ,    88.0, ,    36.9, ,     8.1, ,     0.0, ,     0.0, ,     0.0, ,     0.0, ,     0.0, ,    40.8, ,    41.0, ,   392.9, ,   223.3, ,   133.0, ,     0.0, ,    40.8, ,
1898,   169.7, ,    53.3, ,    51.2, ,    24.5, ,     2.1, ,     0.0, ,     0.0, ,     0.0, ,     0.0, ,     0.0, ,     0.0, ,   101.9, ,   402.7, ,   264.0, ,    77.8, ,     0.0, ,     0.0, ,
1899,   114.2, ,    65.4, ,    47.0, ,     2.1, ,     4.2, ,     0.0, ,     0.0, ,     0.0, ,     0.0, ,     0.0, ,     4.4, ,    49.1, ,   286.3, ,   281.5, ,    53.3, ,     0.0, ,     4.4, ,
1900,    47.2, ,    68.3, ,   112.4, ,    34.8, ,     0.0, ,     0.0, ,     0.0, ,     0.0, ,     0.0, ,     0.0, ,    35.6, ,    67.5, ,   365.7, ,   164.6, ,   147.2, ,     0.0, ,    35.6, ,
1901,    36.7, ,   149.3, ,    18.4, ,    49.1, ,     0.0, ,     0.0, ,     0.0, ,     0.0, ,     0.0, ,     0.0, ,     2.1, ,   149.2, ,   404.8, ,   253.4, ,    67.5, ,     0.0, ,     2.1, ,
1902,    33.1, ,    92.1, ,    26.9, ,    12.2, ,     0.0, ,     0.0, ,     0.0, ,     0.0, ,     0.0, ,     0.0, ,    12.1, ,    67.9, ,   244.3, ,   274.4, ,    39.2, ,     0.0, ,    12.1, ,
1903,   135.0, ,   100.4, ,    32.7, ,    14.2, ,     0.0, ,     0.0, ,     0.0, ,     0.0, ,     0.0, ,     0.0, ,    14.3, ,    77.5, ,   374.0, ,   303.2, ,    46.9, ,     0.0, ,    14.3, ,
1904,   179.9, ,   106.9, ,    79.7, ,    32.9, ,     0.0, ,     0.0, ,     0.0, ,     0.0, ,     0.0, ,     0.0, ,    18.7, ,   145.1, ,   563.1, ,   364.2, ,   112.6, ,     0.0, ,    18.7, ,
1905,   181.9, ,   118.5, ,    33.1, ,    16.4, ,     0.0, ,     0.0, ,     0.0, ,     0.0, ,     0.0, ,     0.0, ,     2.5, ,    55.2, ,   407.7, ,   445.5, ,    49.5, ,     0.0, ,     2.5, ,
1906,    43.0, ,    71.7, ,    84.1, ,    36.7, ,     0.0, ,     0.0, ,     0.0, ,     0.0, ,     0.0, ,     0.0, ,     0.2, ,    67.9, ,   303.7, ,   170.0, ,   120.8, ,     0.0, ,     0.2, ,
1907,   115.5, ,   149.5, ,   151.3, ,    77.8, ,     0.0, ,     0.0, ,     0.0, ,     0.0, ,     0.0, ,     0.0, ,    16.7, ,    45.7, ,   556.6, ,   332.9, ,   229.2, ,     0.0, ,    16.7, ,
1908,    65.7, ,    33.1, ,   125.7, ,    49.5, ,     2.1, ,     0.0, ,     0.0, ,     0.0, ,     0.0, ,     0.0, ,     9.1, ,    72.9, ,   358.2, ,   144.6, ,   177.3, ,     0.0, ,     9.1, ,
1909,    80.1, ,    53.3, ,    79.9, ,    32.8, ,     0.0, ,     0.0, ,     0.0, ,     0.0, ,     0.0, ,     0.0, ,    28.9, ,   118.6, ,   393.4, ,   206.3, ,   112.6, ,     0.0, ,    28.9, ,
1910,    39.2, ,   127.1, ,    41.3, ,     0.2, ,     0.0, ,     0.0, ,     0.0, ,     0.0, ,     0.0, ,     0.0, ,     4.0, ,   104.8, ,   316.6, ,   284.8, ,    41.5, ,     0.0, ,     4.0, ,
1911,    79.8, ,    79.9, ,    36.8, ,    67.9, ,     0.0, ,     0.0, ,     0.0, ,     0.0, ,     0.0, ,     0.2, ,     8.4, ,    28.5, ,   301.5, ,   264.4, ,   104.7, ,     0.0, ,     8.6, ,
1912,   192.2, ,    91.9, ,    82.1, ,    16.3, ,     0.0, ,     0.0, ,     0.0, ,     0.0, ,     0.0, ,     0.2, ,    53.4, ,    36.9, ,   473.0, ,   312.7, ,    98.4, ,     0.0, ,    53.6, ,
1913,    51.2, ,   159.5, ,    51.2, ,    14.3, ,     0.0, ,     0.0, ,     0.0, ,     0.0, ,     0.0, ,     0.0, ,    20.5, ,    49.1, ,   345.8, ,   247.6, ,    65.5, ,     0.0, ,    20.5, ,
1914,    61.6, ,    94.0, ,    98.1, ,   159.6, ,    16.4, ,     0.0, ,     0.0, ,     0.0, ,     0.0, ,     0.0, ,    28.7, ,    44.9, ,   503.2, ,   204.7, ,   274.0, ,     0.0, ,    28.7, ,
1915,    28.4, ,    28.9, ,   151.5, ,    14.3, ,     0.0, ,     0.0, ,     0.0, ,     0.0, ,     0.0, ,     0.0, ,     0.0, ,    70.0, ,   293.0, ,   102.2, ,   165.8, ,     0.0, ,     0.0, ,
1916,    49.3, ,   130.9, ,   134.9, ,    24.5, ,     0.0, ,     0.0, ,     0.0, ,     0.0, ,     0.0, ,     0.0, ,    55.3, ,    49.3, ,   444.2, ,   250.2, ,   159.4, ,     0.0, ,    55.3, ,
1917,    92.7, ,    29.1, ,    53.4, ,     4.5, ,     6.1, ,     0.0, ,     0.0, ,     0.0, ,     0.0, ,     0.0, ,    16.7, ,   190.7, ,   393.1, ,   171.2, ,    63.9, ,     0.0, ,    16.7, ,
1918,   108.4, ,   161.4, ,   127.3, ,    32.7, ,     0.0, ,     0.0, ,     0.0, ,     0.0, ,     0.0, ,     0.0, ,     6.5, ,   120.7, ,   557.0, ,   460.4, ,   160.0, ,     0.0, ,     6.5, ,
1919,    53.8, ,   105.1, ,     2.7, ,    39.2, ,     0.0, ,     0.0, ,     0.0, ,     0.0, ,     0.0, ,     0.2, ,    14.3, ,   110.9, ,   326.2, ,   279.5, ,    42.0, ,     0.0, ,    14.5, ,
1920,    74.2, ,    82.0, ,    31.6, ,    94.1, ,     0.0, ,     0.0, ,     0.0, ,     0.0, ,     0.0, ,     0.0, ,    47.6, ,    47.4, ,   376.9, ,   267.0, ,   125.7, ,     0.0, ,    47.6, ,
1921,   113.2, ,   188.6, ,    73.6, ,    28.5, ,     0.0, ,     0.0, ,     0.0, ,     0.0, ,     0.0, ,     0.2, ,    53.6, ,   127.2, ,   584.8, ,   349.2, ,   102.1, ,     0.0, ,    53.8, ,
1922,   212.9, ,   125.2, ,    29.1, ,     6.3, ,     0.0, ,     0.0, ,     0.0, ,     0.0, ,     0.0, ,     0.2, ,    49.2, ,   155.8, ,   578.7, ,   465.2, ,    35.5, ,     0.0, ,    49.4, ,
1923,   150.2, ,    47.4, ,   192.2, ,    29.1, ,     0.0, ,     0.0, ,     0.0, ,     0.0, ,     0.0, ,     0.2, ,     0.0, ,    80.1, ,   499.2, ,   353.3, ,   221.4, ,     0.0, ,     0.2, ,
1924,   160.1, ,   153.4, ,    72.1, ,    65.6, ,     0.0, ,     0.0, ,     0.0, ,     0.0, ,     0.0, ,     0.0, ,     8.6, ,    51.9, ,   511.8, ,   393.6, ,   137.7, ,     0.0, ,     8.6, ,
1925,   174.3, ,    41.7, ,    31.6, ,    15.4, ,     0.0, ,     0.0, ,     0.0, ,     0.0, ,     0.0, ,     8.2, ,     0.6, ,    35.8, ,   307.7, ,   268.0, ,    47.0, ,     0.0, ,     8.8, ,
1926,   104.9, ,   168.1, ,    70.4, ,    82.0, ,     0.0, ,     0.0, ,     0.0, ,     0.0, ,     0.0, ,     0.0, ,     2.3, ,   143.9, ,   571.6, ,   308.9, ,   152.4, ,     0.0, ,     2.3, ,
1927,    21.3, ,   180.5, ,   118.5, ,    55.2, ,    24.5, ,     0.0, ,     0.0, ,     0.0, ,     0.0, ,     0.0, ,    20.9, ,    91.1, ,   511.9, ,   345.6, ,   198.2, ,     0.0, ,    20.9, ,
1928,   117.1, ,   147.5, ,    70.3, ,    12.4, ,     0.0, ,     0.0, ,     0.0, ,     0.0, ,     0.0, ,     2.1, ,     0.0, ,    23.2, ,   372.6, ,   355.6, ,    82.8, ,     0.0, ,     2.1, ,
1929,    76.0, ,    68.4, ,    58.4, ,    66.0, ,     4.2, ,     0.0, ,     0.0, ,     0.0, ,     0.0, ,     2.3, ,    26.9, ,    93.3, ,   395.5, ,   167.6, ,   128.6, ,     0.0, ,    29.2, ,
1930,   115.9, ,   131.5, ,    14.5, ,    13.5, ,     0.0, ,     0.0, ,     0.0, ,     0.0, ,     0.0, ,     0.0, ,     0.6, ,   154.9, ,   430.9, ,   340.7, ,    28.0, ,     0.0, ,     0.6, ,
1931,   131.6, ,   143.1, ,   180.0, ,    28.9, ,     0.0, ,     0.0, ,     0.0, ,     0.0, ,     0.0, ,     0.0, ,     0.8, ,    76.6, ,   561.0, ,   429.6, ,   208.9, ,     0.0, ,     0.8, ,
1932,    86.7, ,   211.2, ,    29.1, ,    10.4, ,     0.0, ,     0.0, ,     0.0, ,     0.0, ,     0.0, ,     0.0, ,    24.7, ,    27.8, ,   389.8, ,   374.5, ,    39.4, ,     0.0, ,    24.7, ,
1933,    72.7, ,    93.9, ,   174.6, ,    10.6, ,     0.0, ,     0.0, ,     0.0, ,     0.0, ,     0.0, ,     0.0, ,    23.7, ,    72.6, ,   448.1, ,   194.4, ,   185.2, ,     0.0, ,    23.7, ,
1934,    96.5, ,   142.8, ,    68.2, ,    16.6, ,     0.0, ,     0.0, ,     0.0, ,     0.0, ,     0.0, ,     0.0, ,     0.0, ,    98.7, ,   422.9, ,   311.9, ,    84.9, ,     0.0, ,     0.0, ,
1935,   184.6, ,   127.7, ,   121.2, ,     4.0, ,     0.0, ,     0.0, ,     0.0, ,     0.0, ,     0.0, ,     0.4, ,     0.4, ,    59.8, ,   498.1, ,   410.9, ,   125.3, ,     0.0, ,     0.8, ,
1936,   111.8, ,    69.4, ,    38.5, ,    24.5, ,     0.0, ,     0.0, ,     0.0, ,     0.0, ,     0.0, ,     0.4, ,    11.8, ,     8.0, ,   264.4, ,   240.9, ,    63.0, ,     0.0, ,    12.2, ,
1937,    41.9, ,    65.0, ,    60.7, ,    30.2, ,     0.0, ,     0.0, ,     0.0, ,     0.0, ,     0.0, ,     0.4, ,     2.6, ,    96.5, ,   297.4, ,   114.9, ,    90.9, ,     0.0, ,     3.1, ,
1938,    28.8, ,    53.7, ,    69.0, ,    26.2, ,     2.8, ,     0.0, ,     0.0, ,     0.0, ,     0.0, ,     0.0, ,    31.7, ,    52.1, ,   264.4, ,   179.0, ,    98.1, ,     0.0, ,    31.7, ,
1939,    37.3, ,    60.1, ,    82.9, ,    46.5, ,     0.4, ,     0.0, ,     0.0, ,     0.0, ,     0.0, ,     0.7, ,     8.4, ,    56.5, ,   292.7, ,   149.4, ,   129.8, ,     0.0, ,     9.1, ,
1940,    64.1, ,    76.7, ,    36.9, ,    50.6, ,     0.2, ,     0.0, ,     0.0, ,     0.0, ,     0.0, ,    15.3, ,    13.9, ,    45.3, ,   303.0, ,   197.2, ,    87.8, ,     0.0, ,    29.2, ,
1941,   124.7, ,    92.8, ,    59.8, ,    47.7, ,    11.7, ,     0.0, ,     0.0, ,     0.0, ,     0.0, ,     0.4, ,    19.6, ,    83.8, ,   440.6, ,   262.8, ,   119.2, ,     0.0, ,    20.0, ,
1942,    95.1, ,    65.4, ,    69.2, ,    42.5, ,     2.1, ,     0.0, ,     0.0, ,     0.0, ,     0.0, ,     0.0, ,     9.5, ,    44.4, ,   328.2, ,   244.4, ,   113.8, ,     0.0, ,     9.5, ,
1943,    74.4, ,    71.4, ,    44.6, ,    28.8, ,     0.4, ,     0.0, ,     0.0, ,     0.0, ,     0.0, ,     0.0, ,     8.7, ,    36.9, ,   265.1, ,   190.3, ,    73.7, ,     0.0, ,     8.7, ,
1944,    58.7, ,    88.0, ,    18.7, ,    66.6, ,     0.0, ,     0.0, ,     0.0, ,     0.0, ,     0.0, ,     1.7, ,     0.6, ,    96.5, ,   330.9, ,   183.6, ,    85.3, ,     0.0, ,     2.4, ,
1945,    81.8, ,    87.2, ,     2.8, ,    37.1, ,     0.9, ,     0.0, ,     0.0, ,     0.0, ,     0.0, ,     0.5, ,     2.0, ,    64.2, ,   276.4, ,   265.5, ,    40.8, ,     0.0, ,     2.5, ,
1946,    74.8, ,    42.0, ,    29.2, ,    42.6, ,     4.0, ,     0.2, ,     0.0, ,     0.0, ,     0.0, ,     0.2, ,    15.0, ,    88.0, ,   296.0, ,   181.0, ,    75.8, ,     0.2, ,    15.2, ,
1947,    44.6, ,    60.3, ,   139.2, ,    23.2, ,     0.4, ,     0.0, ,     0.0, ,     0.0, ,     0.0, ,     0.2, ,    26.3, ,   127.8, ,   422.0, ,   192.9, ,   162.9, ,     0.0, ,    26.5, ,
1948,   110.1, ,    51.0, ,    52.6, ,    91.8, ,     0.2, ,     0.0, ,     0.0, ,     0.0, ,     0.0, ,     0.4, ,     8.3, ,    73.0, ,   387.6, ,   289.0, ,   144.6, ,     0.0, ,     8.8, ,
1949,    70.2, ,   155.4, ,    47.8, ,     4.7, ,     2.2, ,     0.0, ,     0.0, ,     0.0, ,     0.0, ,     0.4, ,    46.6, ,    21.5, ,   348.8, ,   298.6, ,    54.7, ,     0.0, ,    47.0, ,
1950,    87.6, ,   125.7, ,    78.4, ,   118.4, ,     0.8, ,     0.0, ,     0.0, ,     0.0, ,     0.0, ,     0.4, ,     0.4, ,    46.2, ,   458.0, ,   234.8, ,   197.6, ,     0.0, ,     0.8, ,
1951,    64.4, ,    30.3, ,    27.6, ,     0.4, ,     3.0, ,     0.0, ,     0.0, ,     0.0, ,     0.0, ,     0.4, ,     5.3, ,   142.2, ,   273.5, ,   140.9, ,    31.0, ,     0.0, ,     5.7, ,
1952,   126.5, ,   187.6, ,   115.7, ,     4.2, ,     0.0, ,     0.0, ,     0.0, ,     0.0, ,     0.0, ,     6.5, ,     4.7, ,    55.4, ,   500.7, ,   456.3, ,   120.0, ,     0.0, ,    11.3, ,
1953,    48.3, ,    93.3, ,    38.2, ,     7.3, ,     0.0, ,     0.0, ,     0.0, ,     0.0, ,     0.0, ,     0.2, ,     2.4, ,    52.0, ,   241.7, ,   197.0, ,    45.5, ,     0.0, ,     2.6, ,
1954,   173.5, ,   103.9, ,    99.9, ,    14.7, ,     0.0, ,     0.0, ,     0.0, ,     0.0, ,     0.0, ,     1.4, ,    50.6, ,    55.5, ,   499.4, ,   329.4, ,   114.6, ,     0.0, ,    52.0, ,
1955,   135.9, ,    60.7, ,    73.9, ,    39.1, ,     1.5, ,     0.0, ,     0.0, ,     0.0, ,     0.0, ,     0.4, ,    65.2, ,   160.2, ,   537.0, ,   252.1, ,   114.5, ,     0.0, ,    65.6, ,
1956,    71.3, ,   192.6, ,   239.8, ,    54.3, ,    33.2, ,     0.0, ,     0.0, ,     0.0, ,     0.0, ,     0.6, ,    26.5, ,    97.7, ,   716.1, ,   424.1, ,   327.4, ,     0.0, ,    27.1, ,
1957,   191.9, ,   106.7, ,    86.7, ,    35.6, ,    24.9, ,     0.0, ,     0.0, ,     0.0, ,     0.2, ,     0.8, ,     5.0, ,    20.4, ,   472.3, ,   396.3, ,   147.2, ,     0.0, ,     6.0, ,
1958,    31.4, ,   113.9, ,    78.7, ,    56.9, ,     0.4, ,     0.0, ,     0.0, ,     0.0, ,     0.0, ,     0.6, ,    36.6, ,   137.6, ,   456.2, ,   165.8, ,   136.0, ,     0.0, ,    37.2, ,
1959,    64.6, ,   115.5, ,    95.2, ,    71.2, ,     0.2, ,     0.0, ,     0.0, ,     0.0, ,     0.2, ,    18.0, ,     9.9, ,    76.6, ,   451.4, ,   317.6, ,   166.6, ,     0.0, ,    28.2, ,
1960,   155.9, ,    92.8, ,   182.1, ,    16.8, ,     0.0, ,     0.0, ,     0.0, ,     0.0, ,     0.0, ,     0.0, ,     4.2, ,   154.0, ,   605.8, ,   325.3, ,   198.9, ,     0.0, ,     4.2, ,
1961,   189.1, ,    56.0, ,   295.0, ,    86.0, ,    11.8, ,     0.0, ,     0.0, ,     0.0, ,     0.0, ,     0.0, ,     2.1, ,    55.7, ,   695.8, ,   399.1, ,   392.8, ,     0.0, ,     2.1, ,
1962,   119.1, ,   216.5, ,    67.4, ,    29.9, ,     5.2, ,     0.0, ,     0.0, ,     0.0, ,     0.0, ,     0.2, ,     4.8, ,   210.7, ,   653.8, ,   391.2, ,   102.5, ,     0.0, ,     5.0, ,
1963,    76.6, ,   111.7, ,   121.0, ,    71.5, ,     0.4, ,     0.0, ,     0.0, ,     0.0, ,     0.0, ,     0.0, ,     1.7, ,   159.7, ,   542.7, ,   399.0, ,   193.0, ,     0.0, ,     1.7, ,
1964,   150.3, ,   202.4, ,   140.4, ,    48.0, ,     4.9, ,     0.0, ,     0.0, ,     0.0, ,     0.0, ,     0.2, ,    61.2, ,   281.3, ,   888.5, ,   512.3, ,   193.2, ,     0.0, ,    61.4, ,
1965,   265.2, ,   147.0, ,   116.4, ,    85.7, ,    39.0, ,     0.0, ,     0.0, ,     0.0, ,     0.0, ,    28.4, ,     8.7, ,    88.0, ,   778.5, ,   693.5, ,   241.2, ,     0.0, ,    37.1, ,
1966,   167.8, ,    62.0, ,    60.6, ,    22.8, ,    36.0, ,     0.0, ,     0.0, ,     0.0, ,     0.0, ,     0.0, ,     4.8, ,    34.3, ,   388.2, ,   317.8, ,   119.4, ,     0.0, ,     4.8, ,
1967,   141.6, ,   182.2, ,   295.2, ,    58.6, ,    17.6, ,     0.0, ,     0.0, ,     0.0, ,     0.0, ,     0.4, ,    27.6, ,    32.4, ,   755.5, ,   358.1, ,   371.3, ,     0.0, ,    28.0, ,
1968,   131.8, ,    68.1, ,    44.9, ,     4.1, ,     9.6, ,     0.0, ,     0.0, ,     0.0, ,     0.0, ,     0.0, ,    27.3, ,    62.4, ,   348.2, ,   232.3, ,    58.6, ,     0.0, ,    27.3, ,
1969,   107.0, ,    32.1, ,    68.4, ,    39.5, ,     3.2, ,     0.0, ,     0.0, ,     0.0, ,     0.2, ,     5.1, ,     0.6, ,   110.3, ,   366.6, ,   201.6, ,   111.2, ,     0.0, ,     5.9, ,
1970,    90.1, ,    84.3, ,   148.6, ,    25.8, ,     0.0, ,     0.2, ,     0.0, ,     0.0, ,     0.0, ,     2.0, ,     0.6, ,   186.8, ,   538.4, ,   284.7, ,   174.4, ,     0.2, ,     2.7, ,
1971,   151.1, ,    36.2, ,   116.3, ,    15.7, ,     0.0, ,     0.0, ,     0.0, ,     0.0, ,     0.0, ,     0.2, ,    46.1, ,   183.4, ,   549.0, ,   374.0, ,   132.0, ,     0.0, ,    46.3, ,
1972,   122.5, ,   147.0, ,    74.9, ,   133.5, ,    46.2, ,     0.0, ,     0.0, ,     0.0, ,     0.0, ,    44.4, ,    35.0, ,   165.4, ,   769.0, ,   452.9, ,   254.5, ,     0.0, ,    79.4, ,
1973,    89.9, ,   221.5, ,    77.9, ,    15.4, ,     0.0, ,     0.2, ,     0.0, ,     0.0, ,     0.0, ,     0.2, ,    14.3, ,    30.0, ,   449.4, ,   476.9, ,    93.3, ,     0.2, ,    14.5, ,
1974,   174.1, ,   147.6, ,    40.8, ,    37.4, ,    21.8, ,     0.0, ,     0.0, ,     0.0, ,     0.0, ,     5.0, ,    16.2, ,    80.0, ,   522.8, ,   351.7, ,   100.0, ,     0.0, ,    21.1, ,
1975,   223.2, ,    72.0, ,    78.9, ,    81.0, ,     0.2, ,     1.6, ,     0.0, ,     0.0, ,     0.0, ,    18.9, ,     8.2, ,   122.5, ,   606.7, ,   375.2, ,   160.2, ,     1.6, ,    27.1, ,
1976,    76.1, ,   112.7, ,    59.5, ,    24.1, ,     0.0, ,     0.0, ,     0.0, ,     0.0, ,     0.0, ,     1.1, ,    35.3, ,    84.8, ,   393.5, ,   311.3, ,    83.6, ,     0.0, ,    36.4, ,
1977,    68.3, ,   118.4, ,   104.1, ,    70.6, ,     0.9, ,     0.0, ,     0.0, ,     0.0, ,     0.0, ,     0.2, ,    17.1, ,   108.3, ,   488.1, ,   271.5, ,   175.6, ,     0.0, ,    17.4, ,
1978,   135.1, ,   110.0, ,   113.2, ,    75.2, ,     0.5, ,     0.0, ,     0.0, ,     0.0, ,     0.2, ,     0.4, ,    49.7, ,   107.8, ,   592.1, ,   353.5, ,   188.9, ,     0.0, ,    50.3, ,
1979,    51.3, ,    49.9, ,    52.0, ,    46.4, ,     0.7, ,     0.0, ,     0.0, ,     0.0, ,     0.0, ,     0.4, ,     9.6, ,    72.8, ,   283.1, ,   209.0, ,    99.0, ,     0.0, ,    10.0, ,
1980,    81.5, ,   111.8, ,    42.7, ,     0.2, ,     3.6, ,     0.0, ,     0.0, ,     0.0, ,     0.0, ,     1.1, ,    42.3, ,   114.1, ,   397.2, ,   266.1, ,    46.5, ,     0.0, ,    43.4, ,
1981,   172.4, ,    14.8, ,    34.6, ,    63.4, ,     0.0, ,     0.0, ,     0.0, ,     0.0, ,     0.0, ,     0.2, ,    15.6, ,   117.0, ,   418.0, ,   301.3, ,    98.0, ,     0.0, ,    15.8, ,
1982,   198.3, ,   136.5, ,    59.1, ,    37.2, ,     0.2, ,     0.0, ,     0.0, ,     0.0, ,     0.0, ,     0.7, ,    14.9, ,    82.0, ,   528.9, ,   451.8, ,    96.5, ,     0.0, ,    15.6, ,
1983,    75.1, ,   258.3, ,    25.9, ,     7.1, ,     0.4, ,     0.0, ,     0.0, ,     0.0, ,     0.0, ,     0.6, ,     6.8, ,   164.2, ,   538.4, ,   415.4, ,    33.4, ,     0.0, ,     7.4, ,
1984,   111.3, ,    19.1, ,   145.7, ,    47.7, ,     2.3, ,     0.2, ,     0.0, ,     0.0, ,     0.0, ,     4.8, ,    22.3, ,    78.9, ,   432.2, ,   294.6, ,   195.7, ,     0.2, ,    27.1, ,
1985,    99.2, ,   108.7, ,    93.4, ,    34.3, ,    27.4, ,     0.0, ,     0.0, ,     0.0, ,     0.0, ,    12.9, ,    43.7, ,   189.1, ,   608.7, ,   286.8, ,   155.1, ,     0.0, ,    56.6, ,
1986,    86.6, ,   246.5, ,   142.4, ,     5.3, ,     0.6, ,     0.0, ,     0.0, ,     0.0, ,     0.2, ,     0.8, ,    70.1, ,    55.3, ,   607.8, ,   522.1, ,   148.3, ,     0.0, ,    71.2, ,
1987,   195.4, ,    88.1, ,   166.5, ,    16.6, ,     0.2, ,     0.0, ,     0.0, ,     0.0, ,     0.2, ,     0.0, ,     6.0, ,   213.2, ,   686.3, ,   338.8, ,   183.4, ,     0.0, ,     6.2, ,
1988,   110.6, ,    51.9, ,    89.1, ,    60.3, ,     0.6, ,     0.2, ,     0.0, ,     0.0, ,     0.0, ,     1.6, ,    32.0, ,    90.0, ,   436.4, ,   375.7, ,   150.0, ,     0.2, ,    33.7, ,
1989,   113.3, ,   151.1, ,   164.6, ,    59.4, ,     0.0, ,     0.0, ,     0.0, ,     0.0, ,     0.2, ,     0.9, ,    94.9, ,    70.4, ,   654.8, ,   354.4, ,   223.9, ,     0.0, ,    96.0, ,
1990,   143.0, ,   100.1, ,    42.9, ,    12.4, ,    21.8, ,     0.0, ,     0.0, ,     0.0, ,     0.0, ,     0.5, ,    29.1, ,    26.2, ,   376.1, ,   313.6, ,    77.2, ,     0.0, ,    29.7, ,
1991,    96.2, ,    42.8, ,    90.7, ,    20.2, ,     3.8, ,     0.0, ,     0.0, ,     0.0, ,     0.0, ,     7.2, ,     3.2, ,   129.9, ,   394.0, ,   165.1, ,   114.7, ,     0.0, ,    10.4, ,
1992,    71.9, ,   274.7, ,   108.4, ,    75.8, ,     1.6, ,     0.0, ,     0.0, ,     0.0, ,     0.0, ,     1.2, ,    33.3, ,   126.1, ,   692.9, ,   476.5, ,   185.8, ,     0.0, ,    34.4, ,
1993,   103.9, ,   137.3, ,   181.6, ,    59.5, ,     0.0, ,     0.0, ,     0.0, ,     0.0, ,     0.0, ,     0.6, ,     4.6, ,   148.2, ,   635.8, ,   367.3, ,   241.1, ,     0.0, ,     5.2, ,
1994,   147.9, ,   138.7, ,    87.6, ,     9.8, ,     1.0, ,     0.0, ,     0.0, ,     0.0, ,     0.0, ,     0.3, ,    23.5, ,    59.8, ,   468.6, ,   434.8, ,    98.4, ,     0.0, ,    23.8, ,
1995,   106.9, ,   133.1, ,    27.4, ,    23.7, ,     0.2, ,     0.0, ,     0.0, ,     0.0, ,     0.0, ,     0.0, ,     7.2, ,    89.8, ,   388.3, ,   299.7, ,    51.3, ,     0.0, ,     7.2, ,
1996,    83.3, ,    82.1, ,    84.9, ,    29.2, ,     0.7, ,     0.0, ,     0.0, ,     0.0, ,     0.0, ,     0.7, ,    23.9, ,    40.6, ,   345.4, ,   255.2, ,   114.8, ,     0.0, ,    24.6, ,
1997,   115.8, ,    77.6, ,    66.7, ,    88.8, ,     0.2, ,     0.0, ,     0.0, ,     0.0, ,     0.0, ,     1.5, ,    45.1, ,    56.8, ,   452.5, ,   234.0, ,   155.7, ,     0.0, ,    46.6, ,
1998,   108.2, ,    17.7, ,    97.8, ,    59.5, ,     0.0, ,     0.0, ,     0.0, ,     0.0, ,     0.0, ,     0.0, ,    23.3, ,    67.5, ,   374.0, ,   182.6, ,   157.3, ,     0.0, ,    23.3, ,
1999,    70.1, ,    27.0, ,    43.3, ,    69.9, ,     0.2, ,     0.0, ,     0.0, ,     0.0, ,     0.0, ,     0.3, ,    15.2, ,    48.8, ,   274.9, ,   164.6, ,   113.4, ,     0.0, ,    15.6, ,
2000,   107.5, ,    50.2, ,    27.5, ,    18.5, ,     1.1, ,     0.0, ,     0.0, ,     0.0, ,     0.0, ,     0.1, ,     6.8, ,   127.8, ,   339.4, ,   206.5, ,    47.0, ,     0.0, ,     6.9, ,
2001,   139.6, ,   175.0, ,    51.4, ,    66.7, ,     0.0, ,     0.0, ,     0.0, ,     0.0, ,     0.0, ,     0.7, ,    10.9, ,    50.4, ,   494.7, ,   442.4, ,   118.2, ,     0.0, ,    11.6, ,
2002,   209.1, ,   167.9, ,    47.0, ,    31.7, ,     0.9, ,     0.0, ,     0.0, ,     0.0, ,     0.0, ,     0.2, ,    43.1, ,    89.3, ,   589.1, ,   427.3, ,    79.5, ,     0.0, ,    43.3, ,
2003,   195.3, ,   130.8, ,    64.7, ,    44.1, ,     0.1, ,     0.0, ,     0.0, ,     0.0, ,     0.0, ,     0.1, ,     0.0, , -9999.9,M, -9999.9,M,   415.3, ,   108.9, ,     0.0, ,     0.1, ,
2004,    90.1, ,   197.3, ,    70.8, ,     7.8, ,     0.0, ,     0.0, ,     0.0, ,     0.0, ,     0.0, ,     0.1, ,     2.4, ,   103.4, ,   471.8, , -9999.9,M,    78.6, ,     0.0, ,     2.5, ,
2005,   209.1, ,    76.2, ,   108.1, ,    23.0, ,     7.8, ,     0.0, ,     0.0, ,     0.0, ,     0.0, ,     0.0, ,     0.8, ,    85.5, ,   510.5, ,   388.7, ,   138.9, ,     0.0, ,     0.8, ,
2006,   114.9, ,    97.2, ,    20.8, ,    15.8, ,     0.0, ,     0.0, ,     0.0, ,     0.0, ,     0.0, ,     0.0, ,     0.5, ,    62.9, ,   312.2, ,   297.7, ,    36.6, ,     0.0, ,     0.5, ,
2007,    93.8, ,    19.2, ,    57.1, ,    29.9, ,     5.1, ,     0.0, ,     0.0, ,     0.0, ,     0.0, ,     0.0, ,     1.0, ,   178.2, ,   384.3, ,   175.9, ,    92.1, ,     0.0, ,     1.0, ,
2008,    88.3, ,   127.5, ,    57.4, ,    39.0, ,    35.3, ,     0.0, ,     0.0, ,     0.0, ,     0.0, ,     0.0, ,     0.8, ,    98.2, ,   446.4, ,   394.0, ,   131.7, ,     0.0, ,     0.8, ,
2009,   120.7, ,    52.6, ,    79.6, ,     0.3, ,     0.1, ,     0.0, ,     0.0, ,     0.0, ,     0.0, ,     0.0, ,     7.7, ,    75.3, ,   336.3, ,   271.4, ,    80.0, ,     0.0, ,     7.7, ,
2010,    44.4, ,    98.5, ,    30.7, ,     2.9, ,     0.0, ,     0.0, ,     0.0, ,     0.0, ,     0.0, ,     0.0, ,    24.1, ,    21.1, ,   221.8, ,   218.2, ,    33.7, ,     0.0, ,    24.1, ,
2011,   159.2, ,   212.7, ,     9.4, ,    11.8, ,     0.0, ,     0.0, ,     0.0, ,     0.0, ,     0.0, ,     3.7, ,    85.1, ,    34.7, ,   516.5, ,   392.9, ,    21.2, ,     0.0, ,    88.8, ,
2012,   110.9, ,   118.6, ,    50.8, ,     8.4, ,     0.1, ,     0.0, ,     0.0, ,     0.0, ,     0.0, ,     0.1, ,     9.7, ,    43.8, ,   342.4, ,   264.1, ,    59.3, ,     0.0, ,     9.8, ,
2013,    85.3, ,   165.3, ,   106.2, ,    32.3, ,     0.1, ,     0.0, ,     0.0, ,     0.0, ,     0.0, ,     0.0, ,    11.6, ,   243.5, ,   644.4, ,   294.4, ,   138.6, ,     0.0, ,    11.6, ,
2014,   176.6, ,   105.8, ,    98.8, ,    70.4, ,     9.1, ,     0.0, ,     0.0, , -9999.9,M, -9999.9,M, -9999.9,M, -9999.9,M, -9999.9,M, -9999.9,M,   525.9, ,   178.3, , -9999.9,M, -9999.9,M,
2015, -9999.9,M, -9999.9,M, -9999.9,M, -9999.9,M, -9999.9,M, -9999.9,M, -9999.9,M, -9999.9,M, -9999.9,M, -9999.9,M, -9999.9,M, -9999.9,M, -9999.9,M, -9999.9,M, -9999.9,M, -9999.9,M, -9999.9,M,
2016, -9999.9,M, -9999.9,M, -9999.9,M, -9999.9,M, -9999.9,M, -9999.9,M, -9999.9,M, -9999.9,M, -9999.9,M, -9999.9,M, -9999.9,M, -9999.9,M, -9999.9,M, -9999.9,M, -9999.9,M, -9999.9,M, -9999.9,M,
2017, -9999.9,M, -9999.9,M, -9999.9,M, -9999.9,M, -9999.9,M, -9999.9,M, -9999.9,M, -9999.9,M, -9999.9,M, -9999.9,M, -9999.9,M, -9999.9,M, -9999.9,M, -9999.9,M, -9999.9,M, -9999.9,M, -9999.9,M,
