8206450,WRECK COVE BROOK         ,NS,station joined    , Monthly total of daily adjusted snowfall, mm, Updated to December 2017
8206450,WRECK COVE BROOK         ,NS,station jointe    , Total mensuel des chutes de neige quotidiennes ajustées, mm,  Mise à jour jusqu à décembre 2017
Year,     Jan, ,     Feb, ,     Mar, ,     Apr, ,     May, ,     Jun, ,     Jul, ,     Aug, ,     Sep, ,     Oct, ,     Nov, ,     Dec, ,  Annual, ,  Winter, ,  Spring, ,  Summer, ,  Autumn
An  ,    Janv, ,     Fév, ,    Mars, ,     Avr, ,     Mai, ,    Juin, ,    Juil, ,    Août, ,    Sept, ,     Oct, ,     Nov, ,     Déc, ,  Annuel, ,   Hiver, ,Printemp, ,     Eté, , Automne
1951,    63.8, ,    50.2, ,    54.9, ,     5.5, ,     2.1, ,     0.0, ,     0.0, ,     0.0, ,     0.0, ,     0.1, ,    14.6, ,   156.3, ,   347.6, ,   -10.0, ,    62.5, ,     0.0, ,    14.7, ,
1952,   150.5, ,   238.8, ,   117.3, ,    10.4, ,     0.0, ,     0.0, ,     0.0, ,     0.0, ,     0.0, ,    12.3, ,     6.2, ,    73.7, ,   609.1, ,   545.6, ,   127.7, ,     0.0, ,    18.5, ,
1953,    37.4, ,   106.3, ,    76.3, ,     0.0, ,     0.0, ,     0.0, ,     0.0, ,     0.0, ,     0.0, ,     0.0, ,     2.1, ,    47.1, ,   269.3, ,   217.4, ,    76.3, ,     0.0, ,     2.1, ,
1954,   185.2, ,   107.1, ,   105.0, ,    13.6, ,     0.0, ,     0.0, ,     0.0, ,     0.0, ,     0.0, ,     0.0, ,    56.9, ,    87.8, ,   555.6, ,   339.4, ,   118.6, ,     0.0, ,    56.9, ,
1955,   144.2, ,    46.8, ,   133.0, ,    33.0, ,     0.1, ,     0.0, ,     0.0, ,     0.0, ,     0.0, ,     0.0, ,    71.9, ,   179.0, ,   608.1, ,   278.9, ,   166.1, ,     0.0, ,    71.9, ,
1956,    86.2, ,   171.9, ,   187.1, ,    30.9, ,    35.0, ,     0.0, ,     0.0, ,     0.0, ,     0.0, ,     0.0, ,    27.0, ,    88.3, ,   626.5, ,   437.1, ,   253.1, ,     0.0, ,    27.0, ,
1957,   170.9, ,   172.7, ,   161.7, ,    35.5, ,    12.3, ,     0.0, ,     0.0, ,     0.0, ,     0.0, ,     0.1, ,    28.7, ,    21.1, ,   603.0, ,   431.9, ,   209.5, ,     0.0, ,    28.8, ,
1958,    40.4, ,   156.5, ,    58.1, ,    41.1, ,     0.0, ,     0.0, ,     0.0, ,     0.0, ,     0.0, ,     0.0, ,    48.6, ,   154.1, ,   498.8, ,   217.9, ,    99.3, ,     0.0, ,    48.6, ,
1959,    27.1, ,   102.7, ,   118.8, ,    26.7, ,     0.0, ,     0.0, ,     0.0, ,     0.0, ,     0.0, ,     0.0, ,    39.3, ,    96.1, ,   410.7, ,   283.9, ,   145.5, ,     0.0, ,    39.3, ,
1960,   124.8, ,   150.3, ,   228.9, ,    23.0, ,     0.0, ,     0.0, ,     0.0, ,     0.0, ,     0.0, ,     0.0, ,     6.6, ,   134.5, ,   668.1, ,   371.1, ,   251.9, ,     0.0, ,     6.6, ,
1961,   192.0, ,    49.7, ,   263.5, ,   125.1, ,    20.7, ,     0.0, ,     0.0, ,     0.0, ,     0.0, ,     0.0, ,     6.2, ,    66.8, ,   724.0, ,   376.2, ,   409.3, ,     0.0, ,     6.2, ,
1962,   153.2, ,   183.2, ,    49.5, ,    42.0, ,     0.0, ,     0.0, ,     0.0, ,     0.0, ,     0.0, ,     0.0, ,     0.3, ,   218.1, ,   646.4, ,   403.2, ,    91.5, ,     0.0, ,     0.3, ,
1963,   137.8, ,   156.2, ,   158.0, ,    90.6, ,     0.0, ,     0.0, ,     0.0, ,     0.0, ,     0.0, ,     0.0, ,    14.5, ,   181.6, ,   738.7, ,   512.1, ,   248.5, ,     0.0, ,    14.5, ,
1964,   185.7, ,   251.1, ,   194.4, ,    41.1, ,     0.1, ,     0.0, ,     0.0, ,     0.0, ,     0.0, ,     6.2, ,    73.1, ,   193.9, ,   945.6, ,   618.5, ,   235.7, ,     0.0, ,    79.2, ,
1965,   184.8, ,   133.6, ,    76.2, ,   105.1, ,    39.2, ,     0.0, ,     0.0, ,     0.0, ,     0.0, ,    16.6, ,    12.3, ,   108.1, ,   675.9, ,   512.3, ,   220.5, ,     0.0, ,    28.9, ,
1966,   181.2, ,    82.8, ,    68.2, ,    14.0, ,    35.0, ,     0.0, ,     0.0, ,     0.0, ,     0.0, ,     3.2, ,    12.3, ,    80.0, ,   476.8, ,   372.1, ,   117.2, ,     0.0, ,    15.6, ,
1967,   117.5, ,   180.9, ,   330.4, ,    58.3, ,    20.6, ,     0.0, ,     0.0, ,     0.0, ,     0.0, ,     0.0, ,     3.4, ,    41.6, ,   752.6, ,   378.4, ,   409.3, ,     0.0, ,     3.4, ,
1968,   157.4, ,    82.4, ,     2.9, ,     0.5, ,     0.8, ,     0.0, ,     0.0, ,     0.0, ,     0.0, ,     0.0, ,    28.8, ,    70.1, ,   343.0, ,   281.4, ,     4.2, ,     0.0, ,    28.8, ,
1969,    95.3, ,     4.4, ,    53.8, ,    23.0, ,    10.4, ,     0.0, ,     0.0, ,     0.0, ,     0.0, ,     4.3, ,     4.0, ,    72.3, ,   267.4, ,   169.8, ,    87.2, ,     0.0, ,     8.3, ,
1970,    74.5, ,    76.2, ,    97.1, ,    51.3, ,     0.0, ,     0.0, ,     0.0, ,     0.0, ,     0.0, ,     0.1, ,     0.0, ,   155.2, ,   454.4, ,   222.9, ,   148.4, ,     0.0, ,     0.1, ,
1971,   172.9, ,    35.2, ,   181.2, ,    20.5, ,     0.0, ,     0.0, ,     0.0, ,     0.0, ,     0.0, ,     0.0, ,    66.0, ,   180.9, ,   656.8, ,   363.4, ,   201.8, ,     0.0, ,    66.0, ,
1972,    80.0, , -9999.9,M,    98.6, ,   160.3, ,    41.1, ,     0.0, ,     0.0, ,     0.0, ,     0.0, ,     8.3, ,    12.6, ,   226.5, , -9999.9,M, -9999.9,M,   300.1, ,     0.0, ,    20.8, ,
1973,   115.6, ,   164.8, ,    53.8, ,     8.6, ,     0.0, ,     0.0, ,     0.0, ,     0.0, ,     0.0, ,     0.0, ,    24.7, ,    16.8, ,   384.3, ,   506.8, ,    62.4, ,     0.0, ,    24.7, ,
1974,   197.2, ,   144.2, ,    84.5, ,    49.2, ,     4.2, ,     0.0, , -9999.9,M,     0.0, ,     0.0, ,    10.4, ,    35.2, ,    94.9, , -9999.9,M,   358.3, ,   137.9, , -9999.9,M,    45.6, ,
1975,   288.4, ,    61.6, ,    82.6, ,   107.4, ,     0.0, ,     0.0, ,     0.0, ,     0.0, ,     0.0, ,    20.6, ,     8.1, ,   127.8, ,   696.5, ,   444.9, ,   190.0, ,     0.0, ,    28.7, ,
1976,   135.8, ,    90.7, ,    86.3, ,     4.2, ,     0.0, ,     0.0, ,     0.0, ,     0.0, ,     0.0, ,     0.2, ,    49.5, ,    91.7, ,   458.4, ,   354.3, ,    90.5, ,     0.0, ,    49.7, ,
1977,    34.0, ,   115.7, ,   150.7, ,   117.3, ,     6.4, ,     0.0, ,     0.0, ,     0.0, ,     0.0, ,     0.0, ,     7.3, ,   106.8, ,   538.1, ,   241.3, ,   274.4, ,     0.0, ,     7.3, ,
1978,   117.5, ,    86.9, ,   114.0, ,    99.6, ,     0.0, ,     0.0, ,     0.0, ,     0.0, ,     0.0, ,     0.0, ,    66.8, ,   147.4, ,   632.3, ,   311.2, ,   213.7, ,     0.0, ,    66.8, ,
1979,    43.2, ,    47.6, ,    15.4, ,    37.6, ,     0.0, ,     0.0, ,     0.0, ,     0.0, ,     0.0, ,     0.0, ,     7.9, ,    55.7, ,   207.5, ,   238.3, ,    53.0, ,     0.0, ,     7.9, ,
1980,   124.7, ,   146.4, ,   101.2, ,     1.6, ,     0.0, ,     0.0, ,     0.0, ,     0.0, ,     0.0, ,     1.7, ,    47.8, ,   151.0, ,   574.5, ,   326.8, ,   102.9, ,     0.0, ,    49.5, ,
1981,   146.1, ,    25.9, ,    32.5, ,    42.5, ,     0.1, ,     0.0, ,     0.0, ,     0.0, ,     0.0, ,     0.0, ,     9.1, ,   119.3, ,   375.6, ,   323.0, ,    75.2, ,     0.0, ,     9.1, ,
1982,   314.7, ,   235.0, ,   111.0, ,    42.1, ,     0.0, ,     0.0, ,     0.0, ,     0.0, ,     0.0, ,     1.8, ,    18.0, ,    89.2, ,   811.9, ,   669.0, ,   153.2, ,     0.0, ,    19.9, ,
1983,    96.1, ,   212.6, ,    40.8, ,     8.1, ,     0.0, ,     0.0, ,     0.0, ,     0.0, ,     0.0, ,     0.2, ,     9.9, ,   154.5, ,   522.3, ,   397.9, ,    48.9, ,     0.0, ,    10.2, ,
1984,   123.0, ,    37.0, ,   191.3, ,    43.9, ,     0.0, ,     0.0, ,     0.0, ,     0.0, ,     0.0, ,     3.2, ,    32.8, ,    93.9, ,   525.1, ,   314.5, ,   235.2, ,     0.0, ,    36.0, ,
1985,   193.0, ,   101.8, ,    74.3, ,    53.2, ,    18.6, ,     0.0, ,     0.0, ,     0.0, ,     0.0, ,     0.3, ,    74.1, ,   174.6, ,   690.0, ,   388.7, ,   146.1, ,     0.0, ,    74.4, ,
1986,   116.9, ,   223.6, ,   151.6, ,    16.6, ,     0.1, ,     0.0, ,     0.0, ,     0.0, ,     0.0, ,     0.0, ,    69.6, ,    66.5, ,   645.0, ,   515.1, ,   168.4, ,     0.0, ,    69.6, ,
1987,   282.6, ,    92.5, ,   120.5, ,     1.7, ,     0.0, ,     0.0, ,     0.0, ,     0.0, ,     0.0, ,     0.1, ,    22.5, ,   248.3, ,   768.2, ,   441.6, ,   122.2, ,     0.0, ,    22.6, ,
1988,   188.8, ,   146.8, ,    65.3, ,   105.6, ,     0.0, ,     0.0, ,     0.0, ,     0.0, ,     0.0, ,     0.2, ,    26.8, ,   124.7, ,   658.2, ,   583.9, ,   170.9, ,     0.0, ,    27.0, ,
1989,   179.2, ,   150.7, ,   197.2, ,    79.7, ,     0.0, ,     0.0, ,     0.0, ,     0.0, ,     0.1, ,     0.0, ,    99.1, ,   194.9, ,   900.8, ,   454.5, ,   276.9, ,     0.0, ,    99.2, ,
1990,   172.1, ,    97.5, ,    40.3, ,    47.1, ,    49.9, ,     0.0, ,     0.0, ,     0.0, ,     0.0, ,     0.1, ,    38.2, ,    42.6, ,   487.9, ,   464.5, ,   137.3, ,     0.0, ,    38.3, ,
1991,   191.3, ,    81.6, ,   149.5, ,    23.6, ,     0.0, ,     0.0, ,     0.0, ,     0.0, ,     0.0, ,     0.1, ,     3.4, ,   132.9, ,   582.3, ,   315.5, ,   173.1, ,     0.0, ,     3.5, ,
1992,   122.9, ,   283.2, ,    91.3, ,   111.5, ,    40.3, ,     0.0, ,     0.0, ,     0.0, ,     0.0, ,     0.0, ,    29.7, ,   300.3, ,   979.2, ,   539.0, ,   243.1, ,     0.0, ,    29.7, ,
1993,   133.7, ,   165.6, ,   232.9, ,    60.6, ,     0.1, ,     0.0, ,     0.0, ,     0.0, ,     0.0, ,     1.6, ,    12.8, ,   132.8, ,   740.1, ,   599.5, ,   293.6, ,     0.0, ,    14.4, ,
1994,   172.6, ,   191.2, ,    72.5, ,    15.1, ,     0.0, ,     0.0, ,     0.0, ,     0.0, ,     0.0, ,     0.2, ,    45.1, ,   121.6, ,   618.5, ,   496.7, ,    87.6, ,     0.0, ,    45.4, ,
1995,   258.9, ,   152.8, ,   101.0, ,    34.5, ,     0.2, ,     0.0, ,     0.0, ,     0.0, ,     0.0, ,     0.2, ,    20.3, ,    51.7, ,   619.7, ,   533.4, ,   135.7, ,     0.0, ,    20.5, ,
1996,    44.9, ,    52.6, ,   136.4, ,    73.6, ,     0.0, ,     0.0, ,     0.0, ,     0.0, ,     0.0, ,     0.1, ,     7.1, ,    96.1, ,   410.9, ,   149.2, ,   210.0, ,     0.0, ,     7.3, ,
1997,   195.9, ,    83.1, ,   139.7, ,   214.1, ,    13.0, ,     0.0, ,     0.0, ,     0.0, ,     0.0, ,     0.2, ,    80.0, ,    77.7, ,   803.5, ,   375.0, ,   366.7, ,     0.0, ,    80.3, ,
1998,   278.6, ,     2.4, ,   172.3, ,    75.5, ,     0.0, ,     0.0, ,     0.0, ,     0.0, ,     0.0, ,     0.0, ,    41.5, ,    80.7, ,   651.0, ,   358.7, ,   247.8, ,     0.0, ,    41.5, ,
1999,    66.5, ,    74.7, ,    87.7, ,    81.3, ,     0.0, ,     0.0, ,     0.0, ,     0.0, ,     0.0, ,     0.1, ,    40.7, ,    81.1, ,   432.2, ,   222.0, ,   169.0, ,     0.0, ,    40.8, ,
2000,   189.7, ,   115.2, ,    63.5, ,     8.3, ,     0.0, ,     0.0, ,     0.0, ,     0.0, ,     0.0, ,     0.0, ,    16.5, ,   154.2, ,   547.5, ,   386.0, ,    71.8, ,     0.0, ,    16.5, ,
2001,   210.7, ,   367.6, ,   121.8, ,   171.7, ,     0.0, ,     0.0, ,     0.0, ,     0.0, ,     0.0, ,     1.6, ,    40.6, ,   110.5, ,  1024.6, ,   732.6, ,   293.5, ,     0.0, ,    42.2, ,
2002,   259.5, ,   184.5, ,   118.4, ,    48.4, ,     0.0, ,     0.0, ,     0.0, ,     0.0, ,     0.0, ,     0.9, ,    77.8, ,   171.9, ,   861.4, ,   554.5, ,   166.8, ,     0.0, ,    78.7, ,
2003,   237.4, ,   147.4, ,    63.3, ,    32.5, ,     0.1, ,     0.0, ,     0.0, ,     0.0, ,     0.0, ,     0.0, ,    29.3, ,   189.5, ,   699.6, ,   556.8, ,    95.9, ,     0.0, ,    29.3, ,
2004,   155.1, ,   210.0, , -9999.9,M,     0.1, ,     0.0, ,     0.0, ,     0.0, ,     0.0, ,     0.0, ,     0.0, ,    29.6, ,   149.4, , -9999.9,M,   554.6, , -9999.9,M,     0.0, ,    29.6, ,
2005,   209.1, ,    32.5, ,   100.5, ,    29.2, ,     8.5, ,     0.0, ,     0.0, ,     0.0, ,     0.0, ,     0.0, ,     0.2, ,    68.0, ,   448.1, ,   391.0, ,   138.2, ,     0.0, ,     0.2, ,
2006,   124.7, ,    81.0, , -9999.9,M,     6.5, ,     0.0, ,    36.9, , -9999.9,M, -9999.9,M, -9999.9,M, -9999.9,M, -9999.9,M, -9999.9,M, -9999.9,M,   273.8, , -9999.9,M, -9999.9,M, -9999.9,M,
2007, -9999.9,M, -9999.9,M, -9999.9,M, -9999.9,M, -9999.9,M, -9999.9,M, -9999.9,M, -9999.9,M, -9999.9,M, -9999.9,M, -9999.9,M, -9999.9,M, -9999.9,M, -9999.9,M, -9999.9,M, -9999.9,M, -9999.9,M,
2008, -9999.9,M, -9999.9,M, -9999.9,M,     5.0, ,     0.0, ,     0.0, ,     0.0, ,     0.0, , -9999.9,M,     0.0, ,     0.0, ,    21.2, , -9999.9,M, -9999.9,M, -9999.9,M,     0.0, , -9999.9,M,
2009,   213.0, ,    53.7, ,   125.0, ,     0.0, ,     0.0, ,     0.0, , -9999.9,M,     0.0, ,     0.0, ,     0.0, ,     0.0, ,   117.6, , -9999.9,M,   287.9, ,   125.0, , -9999.9,M,     0.0, ,
2010, -9999.9,M, -9999.9,M, -9999.9,M, -9999.9,M, -9999.9,M, -9999.9,M, -9999.9,M,     0.0, ,     0.0, ,     0.0, ,     3.2, ,     0.0, , -9999.9,M, -9999.9,M, -9999.9,M, -9999.9,M,     3.2, ,
2011, -9999.9,M, -9999.9,M, -9999.9,M, -9999.9,M, -9999.9,M, -9999.9,M, -9999.9,M, -9999.9,M, -9999.9,M, -9999.9,M, -9999.9,M, -9999.9,M, -9999.9,M, -9999.9,M, -9999.9,M, -9999.9,M, -9999.9,M,
2012, -9999.9,M, -9999.9,M, -9999.9,M, -9999.9,M, -9999.9,M, -9999.9,M, -9999.9,M, -9999.9,M, -9999.9,M, -9999.9,M, -9999.9,M, -9999.9,M, -9999.9,M, -9999.9,M, -9999.9,M, -9999.9,M, -9999.9,M,
2013, -9999.9,M, -9999.9,M, -9999.9,M, -9999.9,M, -9999.9,M, -9999.9,M, -9999.9,M, -9999.9,M, -9999.9,M, -9999.9,M, -9999.9,M, -9999.9,M, -9999.9,M, -9999.9,M, -9999.9,M, -9999.9,M, -9999.9,M,
2014, -9999.9,M, -9999.9,M, -9999.9,M, -9999.9,M, -9999.9,M, -9999.9,M, -9999.9,M, -9999.9,M, -9999.9,M, -9999.9,M, -9999.9,M, -9999.9,M, -9999.9,M, -9999.9,M, -9999.9,M, -9999.9,M, -9999.9,M,
2015, -9999.9,M, -9999.9,M, -9999.9,M, -9999.9,M, -9999.9,M, -9999.9,M, -9999.9,M, -9999.9,M, -9999.9,M, -9999.9,M, -9999.9,M, -9999.9,M, -9999.9,M, -9999.9,M, -9999.9,M, -9999.9,M, -9999.9,M,
2016, -9999.9,M, -9999.9,M, -9999.9,M, -9999.9,M, -9999.9,M, -9999.9,M, -9999.9,M, -9999.9,M, -9999.9,M, -9999.9,M, -9999.9,M, -9999.9,M, -9999.9,M, -9999.9,M, -9999.9,M, -9999.9,M, -9999.9,M,
2017, -9999.9,M, -9999.9,M, -9999.9,M, -9999.9,M, -9999.9,M, -9999.9,M, -9999.9,M, -9999.9,M, -9999.9,M, -9999.9,M, -9999.9,M, -9999.9,M, -9999.9,M, -9999.9,M, -9999.9,M, -9999.9,M, -9999.9,M,
