2400800,CLYDE A                                   ,NU  , monthly mean of homogeneous sea level pressure, (hPa), updated to December 2014
Year,    Jan, ,    Feb, ,    Mar, ,    Apr, ,    May, ,    Jun, ,    Jul, ,    Aug, ,    Sep, ,    Oct, ,    Nov, ,    Dec, , Annual, , Winter, , Spring, , Summer, , Autumn
1953, 1009.8, , 1011.5, ,-9999.9,M,-9999.9,M,-9999.9,M,-9999.9,M,-9999.9,M,-9999.9,M,-9999.9,M,-9999.9,M,-9999.9,M,-9999.9,M,-9999.9,M, 1010.6, ,-9999.9,M,-9999.9,M,-9999.9,M 
1954,-9999.9,M,-9999.9,M,-9999.9,M,-9999.9,M,-9999.9,M,-9999.9,M,-9999.9,M,-9999.9,M,-9999.9,M, 1003.0, , 1003.5, , 1007.5, ,-9999.9,M,-9999.9,M,-9999.9,M,-9999.9,M, 1003.2,  
1955, 1022.0, , 1019.1, , 1019.2, , 1021.8, , 1017.4, , 1011.8, , 1002.8, , 1002.5, , 1006.1, , 1009.6, , 1020.8, , 1012.9, , 1013.8, , 1016.2, , 1019.5, , 1005.7, , 1012.1,  
1956, 1015.9, , 1012.9, , 1012.3, , 1020.4, , 1009.7, , 1016.6, , 1013.3, , 1011.6, , 1009.3, , 1003.4, , 1007.6, , 1004.5, , 1011.5, , 1013.9, , 1014.1, , 1013.8, , 1006.8,  
1957, 1000.4, , 1020.5, , 1023.1, , 1017.9, , 1018.3, , 1013.9, , 1011.7, , 1009.6, , 1009.4, , 1001.5, , 1011.1, , 1011.0, , 1012.4, , 1008.5, , 1019.8, , 1011.7, , 1007.3,  
1958, 1014.4, , 1016.1, , 1028.9, , 1016.4, , 1016.1, , 1016.3, , 1012.7, , 1018.5, , 1011.1, , 1009.5, , 1008.6, , 1013.8, , 1015.2, , 1013.8, , 1020.5, , 1015.8, , 1009.7,  
1959, 1016.5, ,  998.0, , 1011.0, , 1018.1, , 1017.4, , 1014.3, , 1007.2, , 1012.7, , 1006.3, , 1006.1, , 1013.6, , 1009.4, , 1010.9, , 1009.4, , 1015.5, , 1011.4, , 1008.7,  
1960, 1017.6, , 1023.3, , 1019.6, , 1020.7, , 1019.0, , 1013.9, , 1011.4, , 1012.0, , 1009.2, , 1010.8, , 1009.0, , 1006.5, , 1014.4, , 1016.7, , 1019.8, , 1012.4, , 1009.7,  
1961, 1012.0, , 1010.7, , 1017.6, , 1023.3, , 1016.1, , 1009.3, , 1012.8, , 1002.1, , 1007.5, , 1011.2, , 1016.5, , 1021.3, , 1013.4, , 1009.7, , 1019.0, , 1008.1, , 1011.7,  
1962, 1001.7, , 1015.2, , 1032.0, , 1013.1, , 1017.8, , 1012.8, , 1016.6, , 1009.2, , 1008.7, , 1010.1, , 1009.8, , 1006.7, , 1012.8, , 1012.7, , 1021.0, , 1012.9, , 1009.5,  
1963, 1011.9, , 1012.3, , 1011.5, , 1020.9, , 1011.8, , 1014.8, , 1012.8, , 1009.6, , 1003.9, , 1002.2, , 1014.7, , 1009.0, , 1011.3, , 1010.3, , 1014.8, , 1012.4, , 1006.9,  
1964, 1004.9, , 1004.1, , 1013.7, , 1015.8, , 1017.9, , 1008.0, , 1005.2, , 1017.0, , 1009.0, , 1010.7, , 1013.1, , 1009.2, , 1010.7, , 1006.0, , 1015.8, , 1010.0, , 1010.9,  
1965, 1007.6, , 1011.0, , 1020.4, , 1015.4, , 1015.0, , 1010.8, , 1014.0, , 1007.6, , 1007.4, , 1003.6, , 1018.8, , 1012.7, , 1012.0, , 1009.3, , 1016.9, , 1010.8, , 1009.9,  
1966, 1025.1, , 1013.3, , 1021.0, , 1021.6, , 1019.9, , 1008.6, , 1010.3, , 1015.6, , 1009.0, , 1010.1, , 1006.8, , 1015.0, , 1014.7, , 1017.0, , 1020.8, , 1011.5, , 1008.6,  
1967, 1013.0, , 1002.0, , 1007.2, , 1013.5, , 1017.4, , 1007.0, , 1010.6, , 1004.3, , 1002.0, , 1010.6, , 1005.9, , 1015.1, , 1009.0, , 1010.0, , 1012.7, , 1007.3, , 1006.1,  
1968, 1016.1, , 1014.8, , 1010.9, , 1014.4, , 1019.8, , 1011.7, , 1010.4, , 1012.0, , 1016.3, , 1016.7, , 1011.1, , 1015.0, , 1014.1, , 1015.3, , 1015.0, , 1011.4, , 1014.7,  
1969, 1023.5, , 1019.5, , 1018.0, , 1015.9, , 1013.5, , 1009.9, , 1011.1, , 1012.5, , 1008.0, , 1005.7, , 1008.8, , 1014.8, , 1013.4, , 1019.3, , 1015.8, , 1011.2, , 1007.5,  
1970, 1015.0, , 1007.6, , 1023.0, , 1020.2, , 1015.3, , 1005.8, , 1009.6, , 1011.3, , 1006.0, , 1013.3, , 1008.8, , 1014.8, , 1012.6, , 1012.5, , 1019.5, , 1008.9, , 1009.4,  
1971, 1014.6, , 1011.7, , 1021.1, , 1022.8, , 1009.3, , 1018.4, , 1011.6, , 1006.0, , 1006.7, , 1009.5, , 1013.8, , 1012.3, , 1013.1, , 1013.7, , 1017.7, , 1012.0, , 1010.0,  
1972, 1002.4, , 1008.4, , 1013.3, , 1018.5, , 1014.7, , 1010.4, , 1012.0, , 1008.7, , 1008.3, , 1001.8, , 1010.5, , 1007.6, , 1009.7, , 1007.7, , 1015.5, , 1010.3, , 1006.9,  
1973, 1000.7, , 1013.6, , 1012.7, , 1023.0, , 1017.2, , 1012.5, , 1008.6, , 1011.6, , 1007.3, , 1010.9, , 1016.8, , 1011.7, , 1012.2, , 1007.3, , 1017.6, , 1010.9, , 1011.7,  
1974, 1003.1, , 1013.6, , 1008.7, , 1011.6, , 1021.0, , 1011.8, , 1011.1, , 1010.5, , 1005.2, , 1009.2, , 1013.1, , 1013.9, , 1011.1, , 1009.5, , 1013.8, , 1011.1, , 1009.2,  
1975, 1007.7, , 1008.1, , 1015.3, , 1022.1, , 1019.4, , 1014.9, , 1002.4, , 1009.1, , 1005.8, , 1009.0, , 1013.0, , 1008.3, , 1011.3, , 1009.9, , 1018.9, , 1008.8, , 1009.3,  
1976, 1008.8, ,  997.3, , 1002.5, , 1017.7, , 1016.8, , 1009.3, , 1009.1, , 1002.4, , 1011.1, , 1010.7, , 1008.5, , 1009.7, , 1008.7, , 1004.8, , 1012.3, , 1006.9, , 1010.1,  
1977, 1015.0, , 1015.8, , 1016.4, , 1012.1, , 1016.7, , 1012.4, , 1012.0, , 1015.8, , 1010.4, , 1005.3, , 1006.2, , 1013.3, , 1012.6, , 1013.5, , 1015.1, , 1013.4, , 1007.3,  
1978, 1006.4, , 1023.9, , 1010.5, , 1021.6, , 1011.9, , 1009.2, , 1010.8, , 1008.1, , 1011.7, , 1003.9, , 1003.1, , 1015.3, , 1011.4, , 1014.5, , 1014.7, , 1009.3, , 1006.2,  
1979, 1014.3, , 1015.4, , 1012.5, , 1024.0, , 1022.4, , 1008.9, , 1006.9, , 1006.6, , 1009.1, , 1011.2, , 1011.4, , 1006.4, , 1012.4, , 1015.0, , 1019.7, , 1007.5, , 1010.6,  
1980, 1010.6, , 1008.6, , 1014.8, , 1014.1, , 1018.7, , 1012.2, , 1010.5, , 1014.3, , 1009.9, , 1015.4, , 1009.2, , 1010.4, , 1012.4, , 1008.5, , 1015.9, , 1012.3, , 1011.5,  
1981, 1010.7, , 1010.7, , 1019.6, , 1019.2, , 1012.8, , 1014.6, , 1007.3, , 1005.7, , 1015.9, , 1015.8, , 1008.3, , 1017.0, , 1013.1, , 1010.6, , 1017.2, , 1009.2, , 1013.4,  
1982, 1011.6, , 1005.7, , 1009.7, , 1011.9, , 1021.7, , 1019.6, , 1007.2, , 1011.5, , 1008.6, , 1010.9, , 1004.9, , 1006.8, , 1010.8, , 1011.4, , 1014.4, , 1012.8, , 1008.1,  
1983, 1010.3, , 1015.6, , 1016.1, , 1025.2, , 1021.1, , 1009.9, , 1007.6, , 1007.0, , 1016.1, , 1008.7, , 1015.8, , 1006.5, , 1013.3, , 1010.9, , 1020.8, , 1008.2, , 1013.6,  
1984, 1007.3, , 1016.0, , 1022.7, , 1018.0, , 1016.1, , 1014.1, , 1009.2, , 1001.4, , 1008.8, , 1008.6, , 1011.2, , 1001.7, , 1011.3, , 1010.0, , 1018.9, , 1008.2, , 1009.5,  
1985, 1015.0, , 1019.7, , 1013.3, , 1016.7, , 1017.9, , 1014.0, , 1007.9, , 1010.4, , 1011.6, , 1007.6, , 1012.0, , 1012.6, , 1013.2, , 1012.2, , 1015.9, , 1010.7, , 1010.4,  
1986, 1004.6, , 1014.7, ,  999.5, , 1020.5, , 1014.7, , 1009.2, , 1011.6, , 1007.7, , 1012.9, , 1003.4, , 1011.6, , 1001.6, , 1009.3, , 1010.6, , 1011.6, , 1009.5, , 1009.3,  
1987, 1006.1, , 1023.8, , 1020.1, , 1014.6, , 1012.3, , 1013.5, , 1010.2, , 1011.4, , 1010.6, , 1010.4, , 1008.8, , 1017.1, , 1013.2, , 1010.5, , 1015.7, , 1011.7, , 1009.9,  
1988, 1008.8, , 1007.4, , 1018.3, , 1022.9, , 1014.2, , 1010.2, , 1011.9, , 1004.6, , 1012.6, , 1007.2, , 1008.8, , 1007.4, , 1011.2, , 1011.1, , 1018.5, , 1008.9, , 1009.5,  
1989, 1005.2, , 1006.0, , 1007.7, , 1018.4, , 1012.4, , 1013.1, , 1006.3, , 1007.2, , 1006.1, , 1009.0, , 1005.5, , 1009.5, , 1008.9, , 1006.2, , 1012.8, , 1008.8, , 1006.9,  
1990, 1005.8, , 1001.3, , 1008.7, , 1010.1, , 1015.4, , 1010.4, , 1009.4, , 1008.9, , 1007.7, , 1012.8, , 1013.4, , 1003.2, , 1008.9, , 1005.5, , 1011.4, , 1009.6, , 1011.3,  
1991, 1005.5, , 1002.8, , 1015.1, , 1021.2, , 1015.0, , 1012.6, , 1011.5, , 1003.7, , 1009.9, , 1012.1, , 1010.2, , 1002.0, , 1010.1, , 1003.9, , 1017.1, , 1009.3, , 1010.7,  
1992, 1001.3, , 1005.1, , 1013.9, , 1017.5, , 1015.5, , 1016.0, , 1010.1, , 1010.1, , 1009.9, , 1011.4, , 1006.8, , 1005.8, , 1010.3, , 1002.8, , 1015.6, , 1012.1, , 1009.4,  
1993,  999.4, , 1010.9, , 1014.6, , 1014.9, , 1026.3, , 1014.8, , 1017.1, , 1010.7, , 1006.8, , 1011.9, , 1000.6, , 1011.6, , 1011.6, , 1005.3, , 1018.6, , 1014.2, , 1006.4,  
1994, 1012.2, , 1010.0, , 1011.8, , 1015.9, , 1016.1, , 1004.3, , 1004.3, , 1009.6, , 1013.4, , 1014.5, , 1008.1, , 1008.5, , 1010.7, , 1011.3, , 1014.6, , 1006.1, , 1012.0,  
1995, 1013.1, , 1008.7, , 1017.4, , 1024.2, , 1017.7, , 1010.2, , 1008.4, , 1007.8, , 1005.4, , 1013.3, , 1007.4, , 1018.2, , 1012.7, , 1010.1, , 1019.8, , 1008.8, , 1008.7,  
1996, 1004.0, , 1009.2, , 1014.7, , 1019.8, , 1018.6, , 1012.5, , 1008.2, , 1007.9, , 1011.7, , 1013.2, , 1012.2, , 1012.1, , 1012.0, , 1010.5, , 1017.7, , 1009.5, , 1012.4,  
1997, 1007.2, , 1002.4, , 1010.6, , 1019.6, , 1018.5, , 1015.5, , 1009.4, , 1007.5, , 1009.1, , 1012.0, , 1009.4, ,-9999.9,M, 1011.0, , 1007.2, , 1016.2, , 1010.8, , 1010.2,  
1998, 1016.6, , 1013.9, , 1014.2, , 1015.8, , 1013.9, , 1019.3, , 1012.0, , 1007.4, , 1015.5, , 1007.3, , 1014.1, , 1001.6, , 1012.6, , 1015.2, , 1014.6, , 1012.9, , 1012.3,  
1999, 1011.0, , 1013.5, , 1021.9, , 1022.1, , 1015.2, , 1006.5, , 1009.7, , 1006.7, , 1010.0, , 1013.1, , 1007.5, , 1007.4, , 1012.1, , 1008.7, , 1019.7, , 1007.6, , 1010.2,  
2000, 1006.5, , 1003.2, , 1018.6, , 1016.5, , 1016.9, , 1015.2, , 1012.6, , 1009.0, , 1003.8, , 1007.7, , 1011.5, , 1017.2, , 1011.6, , 1005.7, , 1017.3, , 1012.3, , 1007.7,  
2001, 1006.0, , 1014.3, , 1025.0, , 1014.8, , 1015.3, , 1013.4, , 1014.0, , 1005.5, , 1009.7, , 1007.6, , 1005.4, , 1014.1, , 1012.1, , 1012.5, , 1018.4, , 1011.0, , 1007.6,  
2002, 1002.1, , 1012.5, , 1015.9, , 1019.5, , 1015.1, , 1012.1, , 1007.0, , 1011.5, , 1007.6, , 1015.3, , 1010.0, , 1004.3, , 1011.1, , 1009.6, , 1016.8, , 1010.2, , 1011.0,  
2003, 1008.9, , 1007.3, , 1007.3, , 1018.6, , 1010.8, , 1011.4, , 1011.8, , 1009.9, , 1010.2, , 1011.0, , 1007.8, , 1006.8, , 1010.1, , 1006.8, , 1012.3, , 1011.0, , 1009.6,  
2004, 1018.5, , 1015.3, , 1014.6, , 1014.7, , 1017.4, , 1014.5, , 1006.0, , 1010.1, , 1007.6, , 1007.9, , 1009.7, , 1006.0, , 1011.9, , 1013.5, , 1015.6, , 1010.2, , 1008.4,  
2005, 1006.2, , 1013.9, , 1016.8, , 1020.5, , 1018.6, , 1009.6, , 1007.3, , 1007.9, , 1011.5, , 1011.6, , 1008.3, , 1009.2, , 1011.8, , 1008.7, , 1018.6, , 1008.3, , 1010.5,  
2006, 1006.0, , 1016.6, , 1025.4, , 1011.9, , 1018.8, , 1007.6, , 1006.6, , 1010.2, , 1007.6, , 1018.4, , 1013.2, , 1001.9, , 1012.0, , 1010.6, , 1018.7, , 1008.1, , 1013.1,  
2007, 1005.1, , 1015.5, , 1009.5, , 1015.3, , 1014.5, , 1014.7, , 1011.9, , 1010.2, , 1010.5, , 1009.1, , 1009.6, , 1005.3, , 1010.9, , 1007.5, , 1013.1, , 1012.3, , 1009.7,  
2008, 1009.0, , 1007.7, , 1015.4, , 1022.7, , 1021.3, , 1015.9, , 1012.0, , 1008.7, , 1004.9, , 1007.4, , 1015.4, , 1005.9, , 1012.2, , 1007.4, , 1019.8, , 1012.2, , 1009.2,  
2009, 1006.4, , 1017.5, , 1018.3, , 1018.2, , 1010.0, , 1016.7, , 1018.4, , 1010.4, , 1006.2, , 1013.8, , 1012.3, ,-9999.9,M, 1013.5, , 1010.0, , 1015.5, , 1015.2, , 1010.7,  
2010, 1013.8, , 1020.7, , 1016.5, , 1021.3, , 1018.5, , 1014.2, , 1009.8, ,-9999.9,M, 1012.4, , 1012.3, , 1008.9, , 1020.3, , 1015.3, , 1017.3, , 1018.8, , 1012.0, , 1011.2,  
2011, 1014.3, , 1003.1, , 1013.4, , 1005.2, , 1017.8, ,-9999.9,M,-9999.9,M,-9999.9,M, 1002.7, , 1011.1, , 1007.5, ,-9999.9,M, 1009.4, , 1012.6, , 1012.2, ,-9999.9,M, 1007.1,  
2012,-9999.9,M, 1010.0, , 1014.2, ,-9999.9,M,-9999.9,M, 1017.1, ,-9999.9,M,-9999.9,M, 1004.7, , 1013.9, , 1010.4, , 1018.8, ,-9999.9,M,-9999.9,M,-9999.9,M,-9999.9,M, 1009.7,  
2013, 1005.2, , 1017.3, , 1028.5, , 1017.4, , 1019.2, , 1009.2, , 1008.6, ,-9999.9,M,-9999.9,M, 1013.8, , 1008.5, ,-9999.9,M, 1014.2, , 1013.8, , 1021.7, , 1008.9, , 1011.2,  
2014, 1006.9, , 1009.2, , 1010.1, ,-9999.9,M,-9999.9,M, 1012.2, , 1012.0, ,-9999.9,M,-9999.9,M,-9999.9,M, 1006.3, ,-9999.9,M,-9999.9,M, 1008.1, ,-9999.9,M, 1012.1, ,-9999.9,M 
