1020270,ALERT BAY                                 ,BC  , monthly mean of homogeneous sea level pressure, (hPa), updated to December 2014
Year,    Jan, ,    Feb, ,    Mar, ,    Apr, ,    May, ,    Jun, ,    Jul, ,    Aug, ,    Sep, ,    Oct, ,    Nov, ,    Dec, , Annual, , Winter, , Spring, , Summer, , Autumn
1953,-9999.9,M,-9999.9,M,-9999.9,M,-9999.9,M,-9999.9,M,-9999.9,M,-9999.9,M,-9999.9,M,-9999.9,M,-9999.9,M,-9999.9,M,-9999.9,M,-9999.9,M,-9999.9,M,-9999.9,M,-9999.9,M,-9999.9,M 
1954, 1008.5, , 1012.6, , 1015.7, , 1017.2, , 1016.2, , 1013.5, , 1017.4, , 1016.6, , 1015.2, , 1015.0, , 1012.3, , 1011.3, , 1014.3, , 1010.5, , 1016.4, , 1015.8, , 1014.2,  
1955, 1015.9, , 1019.4, , 1017.9, , 1011.9, , 1019.2, , 1017.2, , 1015.0, , 1019.9, , 1018.0, , 1013.1, , 1012.3, , 1009.5, , 1015.8, , 1015.5, , 1016.3, , 1017.4, , 1014.5,  
1956, 1008.0, , 1013.7, , 1014.8, , 1018.8, , 1019.1, , 1016.7, , 1020.5, , 1019.4, , 1017.0, , 1011.9, , 1024.5, , 1015.8, , 1016.7, , 1010.4, , 1017.6, , 1018.9, , 1017.8,  
1957, 1019.8, , 1015.3, , 1011.4, , 1017.3, , 1014.7, , 1016.6, , 1017.7, , 1017.7, , 1016.6, , 1015.2, , 1018.6, , 1007.6, , 1015.7, , 1017.0, , 1014.5, , 1017.3, , 1016.8,  
1958, 1010.2, , 1006.5, , 1010.9, , 1014.8, , 1017.3, , 1016.3, , 1018.4, , 1017.6, , 1015.6, , 1015.6, , 1014.9, , 1015.4, , 1014.5, , 1008.1, , 1014.4, , 1017.5, , 1015.4,  
1959, 1012.1, , 1013.6, , 1016.4, , 1017.4, , 1018.4, , 1015.3, , 1020.8, , 1017.8, , 1014.1, , 1016.8, , 1021.1, , 1016.8, , 1016.7, , 1013.7, , 1017.4, , 1017.9, , 1017.3,  
1960, 1014.0, , 1015.1, , 1013.6, , 1013.0, , 1013.6, , 1019.7, , 1020.3, , 1016.3, , 1020.0, , 1013.4, , 1011.7, , 1020.6, , 1015.9, , 1015.3, , 1013.4, , 1018.8, , 1015.0,  
1961, 1013.0, , 1010.7, , 1008.3, , 1017.9, , 1016.4, , 1017.6, , 1019.3, , 1018.5, , 1018.1, , 1015.9, , 1013.5, , 1013.9, , 1015.2, , 1014.8, , 1014.2, , 1018.4, , 1015.8,  
1962, 1022.3, , 1012.5, , 1014.1, , 1015.9, , 1017.8, , 1018.1, , 1020.9, , 1016.5, , 1015.1, , 1013.6, , 1010.0, , 1015.6, , 1016.0, , 1016.2, , 1015.9, , 1018.5, , 1012.9,  
1963, 1024.8, , 1013.7, , 1013.8, , 1011.5, , 1017.3, , 1017.2, , 1017.2, , 1018.2, , 1013.7, , 1011.0, , 1009.4, , 1017.2, , 1015.4, , 1018.0, , 1014.2, , 1017.5, , 1011.4,  
1964, 1008.5, , 1023.3, , 1013.0, , 1018.4, , 1018.0, , 1015.6, , 1015.4, , 1016.4, , 1017.3, , 1016.3, , 1013.7, , 1007.6, , 1015.3, , 1016.3, , 1016.5, , 1015.8, , 1015.7,  
1965, 1012.5, , 1017.1, , 1020.9, , 1013.9, , 1019.5, , 1018.2, , 1019.0, , 1017.1, , 1019.4, , 1014.2, , 1008.6, , 1009.3, , 1015.8, , 1012.4, , 1018.1, , 1018.1, , 1014.1,  
1966, 1009.8, , 1015.0, , 1012.0, , 1020.4, , 1018.3, , 1016.2, , 1017.6, , 1018.3, , 1016.2, , 1016.8, , 1012.2, , 1008.3, , 1015.1, , 1011.4, , 1016.9, , 1017.3, , 1015.1,  
1967, 1010.4, , 1018.5, , 1011.4, , 1014.4, , 1020.0, , 1017.2, , 1019.2, , 1018.2, , 1014.1, , 1011.3, , 1016.1, , 1015.1, , 1015.5, , 1012.4, , 1015.3, , 1018.2, , 1013.9,  
1968, 1011.1, , 1014.3, , 1013.1, , 1020.2, , 1016.5, , 1017.7, , 1018.9, , 1015.5, , 1017.3, , 1010.7, , 1012.2, , 1009.8, , 1014.8, , 1013.5, , 1016.6, , 1017.4, , 1013.4,  
1969, 1007.2, , 1006.3, , 1018.7, , 1013.1, , 1017.4, , 1014.8, , 1020.0, , 1015.7, , 1013.0, , 1016.7, , 1015.7, , 1011.6, , 1014.2, , 1007.7, , 1016.4, , 1016.9, , 1015.1,  
1970, 1011.4, , 1018.4, , 1019.2, , 1017.1, , 1020.1, , 1017.6, , 1018.6, , 1017.7, , 1017.8, , 1014.5, , 1011.3, , 1006.9, , 1015.9, , 1013.8, , 1018.8, , 1018.0, , 1014.5,  
1971, 1014.4, , 1015.9, , 1012.3, , 1014.9, , 1018.6, , 1015.8, , 1019.3, , 1014.7, , 1016.2, , 1016.4, , 1013.9, , 1011.6, , 1015.3, , 1012.4, , 1015.3, , 1016.6, , 1015.5,  
1972, 1015.4, , 1011.2, , 1013.7, , 1014.7, , 1017.6, , 1017.1, , 1018.2, , 1018.7, , 1016.3, , 1021.0, , 1012.6, , 1014.8, , 1015.9, , 1012.7, , 1015.4, , 1018.0, , 1016.6,  
1973, 1011.2, , 1015.1, , 1012.5, , 1021.4, , 1017.4, , 1016.1, , 1019.8, , 1018.8, , 1016.0, , 1014.5, , 1006.2, , 1010.9, , 1015.0, , 1013.7, , 1017.1, , 1018.2, , 1012.2,  
1974, 1012.4, , 1013.9, , 1008.9, , 1017.0, , 1016.6, , 1017.3, , 1018.1, , 1018.9, , 1018.8, , 1019.9, , 1014.5, , 1013.2, , 1015.8, , 1012.4, , 1014.2, , 1018.1, , 1017.7,  
1975, 1016.0, , 1013.1, , 1013.2, , 1016.9, , 1017.6, , 1019.0, , 1018.0, , 1016.7, , 1021.5, , 1010.0, , 1011.1, , 1017.0, , 1015.8, , 1014.1, , 1015.9, , 1017.9, , 1014.2,  
1976, 1018.0, , 1011.7, , 1014.8, , 1015.9, , 1017.0, , 1018.0, , 1016.6, , 1016.9, , 1016.9, , 1018.3, , 1021.2, , 1017.1, , 1016.9, , 1015.6, , 1015.9, , 1017.2, , 1018.8,  
1977, 1021.0, , 1016.6, , 1014.3, , 1019.2, , 1013.1, , 1019.6, , 1020.0, , 1016.0, , 1015.2, , 1015.4, , 1013.7, , 1010.7, , 1016.2, , 1018.2, , 1015.5, , 1018.5, , 1014.8,  
1978, 1012.7, , 1011.5, , 1014.8, , 1014.2, , 1019.7, , 1018.9, , 1019.9, , 1016.2, , 1014.0, , 1020.9, , 1020.3, , 1020.5, , 1017.0, , 1011.6, , 1016.3, , 1018.3, , 1018.4,  
1979, 1018.9, , 1009.0, , 1017.0, , 1016.2, , 1018.0, , 1020.2, , 1017.5, , 1016.6, , 1015.0, ,-9999.9,M,-9999.9,M, 1011.9, , 1016.0, , 1016.1, , 1017.0, , 1018.1, ,-9999.9,M 
1980, 1015.3, , 1010.7, , 1015.0, , 1014.6, , 1016.0, , 1018.0, , 1019.1, , 1017.6, , 1015.8, , 1017.5, , 1014.6, , 1014.1, , 1015.7, , 1012.6, , 1015.2, , 1018.2, , 1016.0,  
1981, 1014.2, , 1014.5, , 1014.7, , 1015.3, , 1016.1, , 1015.7, , 1019.3, , 1015.8, , 1014.3, , 1013.5, , 1009.6, , 1010.0, , 1014.4, , 1014.3, , 1015.4, , 1016.9, , 1012.5,  
1982, 1012.0, , 1012.2, , 1011.0, , 1015.3, , 1021.3, , 1017.9, , 1019.0, , 1019.7, , 1018.5, , 1015.4, , 1012.6, , 1013.7, , 1015.7, , 1011.4, , 1015.9, , 1018.8, , 1015.5,  
1983, 1008.9, , 1005.0, , 1006.5, , 1016.8, , 1019.7, , 1016.1, , 1017.0, , 1019.0, , 1020.0, , 1018.4, , 1005.9, , 1017.5, , 1014.3, , 1009.2, , 1014.3, , 1017.4, , 1014.8,  
1984, 1022.6, , 1013.3, , 1016.2, , 1015.0, , 1017.3, , 1018.3, , 1021.4, , 1017.8, , 1017.3, , 1014.1, , 1008.6, , 1016.5, , 1016.5, , 1017.8, , 1016.2, , 1019.2, , 1013.3,  
1985, 1024.5, , 1019.6, , 1016.7, , 1018.3, , 1017.6, , 1021.0, , 1020.5, , 1020.1, , 1018.9, , 1013.9, , 1017.7, , 1023.1, , 1019.3, , 1020.2, , 1017.5, , 1020.6, , 1016.8,  
1986, 1010.2, , 1011.4, , 1013.0, , 1017.4, , 1014.9, , 1017.3, , 1019.8, , 1019.1, , 1014.5, , 1018.4, , 1016.3, , 1016.1, , 1015.7, , 1014.9, , 1015.1, , 1018.7, , 1016.4,  
1987, 1013.7, , 1014.8, , 1012.8, , 1016.0, , 1016.4, , 1018.7, , 1016.2, , 1020.3, , 1019.0, , 1020.7, , 1014.4, , 1013.5, , 1016.4, , 1014.9, , 1015.0, , 1018.4, , 1018.1,  
1988, 1015.1, , 1021.7, , 1019.3, , 1013.8, , 1014.9, , 1017.1, , 1020.5, , 1018.2, , 1018.8, , 1017.5, , 1007.3, , 1018.8, , 1016.9, , 1016.8, , 1016.0, , 1018.6, , 1014.5,  
1989, 1016.6, , 1024.7, , 1010.7, , 1017.6, , 1018.4, , 1017.9, , 1019.1, , 1017.0, , 1018.6, , 1016.5, , 1016.5, , 1021.8, , 1017.9, , 1020.0, , 1015.6, , 1018.0, , 1017.2,  
1990, 1011.3, , 1015.4, , 1017.9, , 1017.2, , 1014.9, , 1016.1, , 1019.4, , 1016.9, , 1020.1, , 1014.3, , 1013.4, , 1018.8, , 1016.3, , 1016.2, , 1016.6, , 1017.5, , 1015.9,  
1991, 1020.6, , 1014.8, , 1011.1, , 1017.5, , 1017.7, , 1017.9, , 1019.5, , 1016.5, , 1021.4, , 1019.8, , 1015.7, , 1013.4, , 1017.2, , 1018.0, , 1015.4, , 1018.0, , 1019.0,  
1992, 1011.2, , 1011.0, , 1017.0, , 1014.5, , 1019.2, , 1016.2, , 1018.9, , 1019.5, , 1016.0, , 1014.7, , 1017.6, , 1012.8, , 1015.7, , 1011.9, , 1016.9, , 1018.2, , 1016.1,  
1993, 1014.2, , 1015.8, , 1016.2, , 1012.6, , 1012.4, , 1016.4, , 1018.6, , 1018.7, , 1020.5, , 1019.0, , 1020.6, , 1015.2, , 1016.7, , 1014.3, , 1013.7, , 1017.9, , 1020.0,  
1994, 1018.8, ,-9999.9,M,-9999.9,M,-9999.9,M,-9999.9,M,-9999.9,M,-9999.9,M,-9999.9,M,-9999.9,M,-9999.9,M,-9999.9,M,-9999.9,M,-9999.9,M, 1017.0, ,-9999.9,M,-9999.9,M,-9999.9,M 
1995,-9999.9,M,-9999.9,M,-9999.9,M,-9999.9,M,-9999.9,M,-9999.9,M,-9999.9,M,-9999.9,M,-9999.9,M,-9999.9,M,-9999.9,M,-9999.9,M,-9999.9,M,-9999.9,M,-9999.9,M,-9999.9,M,-9999.9,M 
1996,-9999.9,M,-9999.9,M,-9999.9,M,-9999.9,M,-9999.9,M,-9999.9,M,-9999.9,M,-9999.9,M,-9999.9,M,-9999.9,M,-9999.9,M,-9999.9,M,-9999.9,M,-9999.9,M,-9999.9,M,-9999.9,M,-9999.9,M 
1997,-9999.9,M,-9999.9,M,-9999.9,M,-9999.9,M,-9999.9,M,-9999.9,M,-9999.9,M,-9999.9,M,-9999.9,M,-9999.9,M,-9999.9,M,-9999.9,M,-9999.9,M,-9999.9,M,-9999.9,M,-9999.9,M,-9999.9,M 
1998,-9999.9,M,-9999.9,M,-9999.9,M,-9999.9,M,-9999.9,M,-9999.9,M,-9999.9,M,-9999.9,M,-9999.9,M,-9999.9,M,-9999.9,M,-9999.9,M,-9999.9,M,-9999.9,M,-9999.9,M,-9999.9,M,-9999.9,M 
1999,-9999.9,M,-9999.9,M,-9999.9,M,-9999.9,M,-9999.9,M,-9999.9,M,-9999.9,M,-9999.9,M,-9999.9,M,-9999.9,M,-9999.9,M,-9999.9,M,-9999.9,M,-9999.9,M,-9999.9,M,-9999.9,M,-9999.9,M 
2000,-9999.9,M,-9999.9,M,-9999.9,M,-9999.9,M,-9999.9,M,-9999.9,M,-9999.9,M,-9999.9,M,-9999.9,M,-9999.9,M,-9999.9,M,-9999.9,M,-9999.9,M,-9999.9,M,-9999.9,M,-9999.9,M,-9999.9,M 
2001,-9999.9,M,-9999.9,M,-9999.9,M,-9999.9,M,-9999.9,M,-9999.9,M,-9999.9,M,-9999.9,M,-9999.9,M,-9999.9,M,-9999.9,M,-9999.9,M,-9999.9,M,-9999.9,M,-9999.9,M,-9999.9,M,-9999.9,M 
2002,-9999.9,M,-9999.9,M,-9999.9,M,-9999.9,M,-9999.9,M,-9999.9,M,-9999.9,M,-9999.9,M,-9999.9,M,-9999.9,M,-9999.9,M,-9999.9,M,-9999.9,M,-9999.9,M,-9999.9,M,-9999.9,M,-9999.9,M 
2003,-9999.9,M,-9999.9,M,-9999.9,M,-9999.9,M,-9999.9,M,-9999.9,M,-9999.9,M,-9999.9,M,-9999.9,M,-9999.9,M,-9999.9,M,-9999.9,M,-9999.9,M,-9999.9,M,-9999.9,M,-9999.9,M,-9999.9,M 
2004,-9999.9,M,-9999.9,M,-9999.9,M,-9999.9,M,-9999.9,M,-9999.9,M,-9999.9,M,-9999.9,M,-9999.9,M,-9999.9,M,-9999.9,M,-9999.9,M,-9999.9,M,-9999.9,M,-9999.9,M,-9999.9,M,-9999.9,M 
2005,-9999.9,M,-9999.9,M,-9999.9,M,-9999.9,M,-9999.9,M,-9999.9,M,-9999.9,M,-9999.9,M,-9999.9,M,-9999.9,M,-9999.9,M,-9999.9,M,-9999.9,M,-9999.9,M,-9999.9,M,-9999.9,M,-9999.9,M 
2006,-9999.9,M,-9999.9,M,-9999.9,M,-9999.9,M,-9999.9,M,-9999.9,M,-9999.9,M,-9999.9,M,-9999.9,M,-9999.9,M,-9999.9,M,-9999.9,M,-9999.9,M,-9999.9,M,-9999.9,M,-9999.9,M,-9999.9,M 
2007,-9999.9,M,-9999.9,M,-9999.9,M,-9999.9,M,-9999.9,M,-9999.9,M,-9999.9,M,-9999.9,M,-9999.9,M,-9999.9,M,-9999.9,M,-9999.9,M,-9999.9,M,-9999.9,M,-9999.9,M,-9999.9,M,-9999.9,M 
2008,-9999.9,M,-9999.9,M,-9999.9,M,-9999.9,M,-9999.9,M,-9999.9,M,-9999.9,M,-9999.9,M,-9999.9,M,-9999.9,M,-9999.9,M,-9999.9,M,-9999.9,M,-9999.9,M,-9999.9,M,-9999.9,M,-9999.9,M 
2009,-9999.9,M,-9999.9,M,-9999.9,M,-9999.9,M,-9999.9,M,-9999.9,M,-9999.9,M,-9999.9,M,-9999.9,M,-9999.9,M,-9999.9,M,-9999.9,M,-9999.9,M,-9999.9,M,-9999.9,M,-9999.9,M,-9999.9,M 
2010,-9999.9,M,-9999.9,M,-9999.9,M,-9999.9,M,-9999.9,M,-9999.9,M,-9999.9,M,-9999.9,M,-9999.9,M,-9999.9,M,-9999.9,M,-9999.9,M,-9999.9,M,-9999.9,M,-9999.9,M,-9999.9,M,-9999.9,M 
2011,-9999.9,M,-9999.9,M,-9999.9,M,-9999.9,M,-9999.9,M,-9999.9,M,-9999.9,M,-9999.9,M,-9999.9,M,-9999.9,M,-9999.9,M,-9999.9,M,-9999.9,M,-9999.9,M,-9999.9,M,-9999.9,M,-9999.9,M 
2012,-9999.9,M,-9999.9,M,-9999.9,M,-9999.9,M,-9999.9,M,-9999.9,M,-9999.9,M,-9999.9,M,-9999.9,M,-9999.9,M,-9999.9,M,-9999.9,M,-9999.9,M,-9999.9,M,-9999.9,M,-9999.9,M,-9999.9,M 
2013,-9999.9,M,-9999.9,M,-9999.9,M,-9999.9,M,-9999.9,M,-9999.9,M,-9999.9,M,-9999.9,M,-9999.9,M,-9999.9,M,-9999.9,M,-9999.9,M,-9999.9,M,-9999.9,M,-9999.9,M,-9999.9,M,-9999.9,M 
2014,-9999.9,M,-9999.9,M,-9999.9,M,-9999.9,M,-9999.9,M,-9999.9,M,-9999.9,M,-9999.9,M,-9999.9,M,-9999.9,M,-9999.9,M,-9999.9,M,-9999.9,M,-9999.9,M,-9999.9,M,-9999.9,M,-9999.9,M 
