6057592,SAULT STE MARIE A                         ,ONT , monthly mean of homogeneous sea level pressure, (hPa), updated to December 2014
Year,    Jan, ,    Feb, ,    Mar, ,    Apr, ,    May, ,    Jun, ,    Jul, ,    Aug, ,    Sep, ,    Oct, ,    Nov, ,    Dec, , Annual, , Winter, , Spring, , Summer, , Autumn
1953,-9999.9,M,-9999.9,M,-9999.9,M,-9999.9,M,-9999.9,M,-9999.9,M,-9999.9,M,-9999.9,M,-9999.9,M,-9999.9,M,-9999.9,M,-9999.9,M,-9999.9,M,-9999.9,M,-9999.9,M,-9999.9,M,-9999.9,M 
1954,-9999.9,M,-9999.9,M,-9999.9,M,-9999.9,M,-9999.9,M,-9999.9,M,-9999.9,M,-9999.9,M,-9999.9,M,-9999.9,M,-9999.9,M,-9999.9,M,-9999.9,M,-9999.9,M,-9999.9,M,-9999.9,M,-9999.9,M 
1955,-9999.9,M,-9999.9,M,-9999.9,M,-9999.9,M,-9999.9,M,-9999.9,M,-9999.9,M,-9999.9,M,-9999.9,M,-9999.9,M,-9999.9,M,-9999.9,M,-9999.9,M,-9999.9,M,-9999.9,M,-9999.9,M,-9999.9,M 
1956,-9999.9,M,-9999.9,M,-9999.9,M,-9999.9,M,-9999.9,M,-9999.9,M,-9999.9,M,-9999.9,M,-9999.9,M,-9999.9,M,-9999.9,M,-9999.9,M,-9999.9,M,-9999.9,M,-9999.9,M,-9999.9,M,-9999.9,M 
1957,-9999.9,M,-9999.9,M,-9999.9,M,-9999.9,M,-9999.9,M,-9999.9,M,-9999.9,M,-9999.9,M,-9999.9,M,-9999.9,M,-9999.9,M,-9999.9,M,-9999.9,M,-9999.9,M,-9999.9,M,-9999.9,M,-9999.9,M 
1958,-9999.9,M,-9999.9,M,-9999.9,M,-9999.9,M,-9999.9,M,-9999.9,M,-9999.9,M,-9999.9,M,-9999.9,M,-9999.9,M,-9999.9,M,-9999.9,M,-9999.9,M,-9999.9,M,-9999.9,M,-9999.9,M,-9999.9,M 
1959,-9999.9,M,-9999.9,M,-9999.9,M,-9999.9,M,-9999.9,M,-9999.9,M,-9999.9,M,-9999.9,M,-9999.9,M,-9999.9,M,-9999.9,M,-9999.9,M,-9999.9,M,-9999.9,M,-9999.9,M,-9999.9,M,-9999.9,M 
1960,-9999.9,M,-9999.9,M,-9999.9,M,-9999.9,M,-9999.9,M,-9999.9,M,-9999.9,M,-9999.9,M,-9999.9,M,-9999.9,M,-9999.9,M,-9999.9,M,-9999.9,M,-9999.9,M,-9999.9,M,-9999.9,M,-9999.9,M 
1961,-9999.9,M,-9999.9,M,-9999.9,M,-9999.9,M,-9999.9,M,-9999.9,M,-9999.9,M, 1017.3, , 1016.0, , 1016.3, , 1017.5, , 1014.7, ,-9999.9,M,-9999.9,M,-9999.9,M,-9999.9,M, 1016.6,  
1962, 1016.2, , 1020.2, , 1019.3, , 1016.1, , 1016.2, , 1017.4, , 1015.0, , 1015.3, , 1016.5, , 1014.3, , 1020.5, , 1015.9, , 1016.9, , 1017.0, , 1017.2, , 1015.9, , 1017.1,  
1963, 1017.0, , 1016.9, , 1015.4, , 1014.5, , 1017.5, , 1014.5, , 1014.5, , 1015.4, , 1020.1, , 1018.6, , 1012.8, , 1017.4, , 1016.2, , 1016.6, , 1015.8, , 1014.8, , 1017.2,  
1964, 1011.7, , 1012.0, , 1015.1, , 1016.0, , 1014.4, , 1014.2, , 1015.5, , 1013.3, , 1016.7, , 1016.5, , 1015.8, , 1018.0, , 1014.9, , 1013.7, , 1015.2, , 1014.3, , 1016.4,  
1965, 1016.0, , 1014.6, , 1018.5, , 1017.3, , 1014.7, , 1017.8, , 1015.4, , 1013.8, , 1017.5, , 1013.7, , 1014.0, , 1014.2, , 1015.6, , 1016.2, , 1016.9, , 1015.7, , 1015.1,  
1966, 1021.0, , 1020.8, , 1015.2, , 1016.8, , 1016.7, , 1015.8, , 1014.3, , 1014.5, , 1014.4, , 1011.9, , 1017.0, , 1017.8, , 1016.4, , 1018.6, , 1016.3, , 1014.9, , 1014.4,  
1967, 1014.3, , 1016.6, , 1020.2, , 1017.4, , 1016.4, , 1016.1, , 1014.4, , 1017.4, , 1019.6, , 1014.6, , 1013.1, , 1016.9, , 1016.4, , 1016.2, , 1018.0, , 1016.0, , 1015.8,  
1968, 1024.6, , 1014.7, , 1016.3, , 1013.9, , 1014.8, , 1012.6, , 1016.3, , 1016.5, , 1015.3, , 1012.5, , 1014.4, , 1015.0, , 1015.6, , 1018.7, , 1015.0, , 1015.1, , 1014.1,  
1969, 1017.4, , 1020.8, , 1015.2, , 1016.3, , 1015.9, , 1010.8, , 1014.8, , 1013.8, , 1017.9, , 1016.6, , 1013.8, , 1016.6, , 1015.8, , 1017.7, , 1015.8, , 1013.1, , 1016.1,  
1970, 1015.5, , 1016.5, , 1017.6, , 1013.3, , 1017.1, , 1014.6, , 1013.5, , 1014.3, , 1014.8, , 1018.0, , 1014.8, , 1016.3, , 1015.5, , 1016.2, , 1016.0, , 1014.1, , 1015.9,  
1971, 1012.9, , 1012.3, , 1013.8, , 1015.6, , 1013.5, , 1014.3, , 1013.6, , 1016.8, , 1016.8, , 1015.4, , 1015.9, , 1017.5, , 1014.9, , 1013.8, , 1014.3, , 1014.9, , 1016.0,  
1972, 1012.2, , 1017.0, , 1015.3, , 1017.9, , 1016.9, , 1013.3, , 1015.9, , 1015.4, , 1017.0, , 1018.5, , 1017.0, , 1017.7, , 1016.2, , 1015.6, , 1016.7, , 1014.9, , 1017.5,  
1973, 1015.5, , 1022.8, , 1017.1, , 1014.2, , 1010.5, , 1011.5, , 1013.8, , 1015.4, , 1017.5, , 1015.6, , 1014.6, , 1018.2, , 1015.6, , 1018.7, , 1013.9, , 1013.6, , 1015.9,  
1974, 1016.9, , 1017.1, , 1015.4, , 1014.1, , 1013.1, , 1011.2, , 1014.5, , 1015.8, , 1015.7, , 1020.3, , 1015.2, , 1015.1, , 1015.4, , 1017.4, , 1014.2, , 1013.8, , 1017.1,  
1975, 1013.7, , 1014.7, , 1016.2, , 1019.2, , 1013.7, , 1013.7, , 1012.9, , 1016.8, , 1017.4, , 1017.1, , 1015.0, , 1019.8, , 1015.8, , 1014.5, , 1016.3, , 1014.5, , 1016.5,  
1976, 1016.2, , 1012.2, , 1012.5, , 1017.6, , 1014.1, , 1014.6, , 1013.8, , 1018.6, , 1015.5, , 1017.1, , 1011.5, , 1012.8, , 1014.7, , 1016.1, , 1014.7, , 1015.7, , 1014.7,  
1977, 1010.9, , 1011.6, , 1013.4, , 1016.8, , 1016.8, , 1013.1, , 1014.9, , 1014.1, , 1014.5, , 1016.6, , 1015.7, , 1011.6, , 1014.2, , 1011.8, , 1015.6, , 1014.0, , 1015.6,  
1978, 1017.7, , 1020.6, , 1017.5, , 1017.1, , 1014.1, , 1014.8, , 1014.3, , 1015.9, , 1017.1, , 1015.3, , 1019.2, , 1013.3, , 1016.4, , 1016.7, , 1016.2, , 1015.0, , 1017.2,  
1979, 1016.2, , 1024.6, , 1015.9, , 1017.3, , 1015.5, , 1015.6, , 1016.2, , 1015.4, , 1016.1, , 1011.3, , 1014.6, , 1017.1, , 1016.3, , 1018.0, , 1016.3, , 1015.7, , 1014.0,  
1980, 1016.4, , 1020.3, , 1016.8, , 1013.7, , 1013.4, , 1014.3, , 1013.3, , 1014.6, , 1015.8, , 1013.5, , 1015.9, , 1020.7, , 1015.7, , 1017.9, , 1014.6, , 1014.0, , 1015.1,  
1981, 1017.1, , 1014.9, , 1012.9, , 1014.5, , 1016.2, , 1011.4, , 1017.0, , 1016.4, , 1015.9, , 1018.9, , 1016.8, , 1014.8, , 1015.6, , 1017.5, , 1014.6, , 1014.9, , 1017.2,  
1982, 1014.9, , 1021.8, , 1016.0, , 1015.4, , 1016.8, , 1014.1, , 1014.3, , 1016.6, , 1017.0, , 1016.7, , 1017.1, , 1016.0, , 1016.4, , 1017.2, , 1016.1, , 1015.0, , 1016.9,  
1983, 1018.7, , 1018.7, , 1015.8, , 1013.3, , 1013.8, , 1015.5, , 1014.8, , 1016.6, , 1015.7, , 1019.4, , 1013.0, , 1017.4, , 1016.1, , 1017.8, , 1014.3, , 1015.6, , 1016.0,  
1984, 1019.6, , 1014.5, , 1018.8, , 1014.8, , 1013.7, , 1013.4, , 1014.7, , 1015.5, , 1018.0, , 1020.1, , 1016.6, , 1016.2, , 1016.3, , 1017.2, , 1015.8, , 1014.5, , 1018.2,  
1985, 1013.2, , 1018.5, , 1017.2, , 1013.7, , 1012.3, , 1013.0, , 1014.0, , 1017.3, , 1018.3, , 1018.0, , 1019.3, , 1012.5, , 1015.6, , 1016.0, , 1014.4, , 1014.8, , 1018.5,  
1986, 1016.1, , 1017.2, , 1015.3, , 1014.9, , 1015.8, , 1014.5, , 1014.4, , 1016.5, , 1016.8, , 1018.4, , 1018.2, , 1018.4, , 1016.4, , 1015.3, , 1015.3, , 1015.1, , 1017.8,  
1987, 1014.1, , 1021.7, , 1020.9, , 1016.2, , 1017.7, , 1013.0, , 1014.7, , 1015.1, , 1014.3, , 1016.3, , 1017.7, , 1013.6, , 1016.3, , 1018.1, , 1018.3, , 1014.3, , 1016.1,  
1988, 1017.2, , 1016.0, , 1016.2, , 1012.5, , 1015.5, , 1015.9, , 1015.7, , 1013.4, , 1015.5, , 1014.5, , 1010.0, , 1015.4, , 1014.8, , 1015.6, , 1014.8, , 1015.0, , 1013.3,  
1989, 1015.1, , 1021.3, , 1021.8, , 1015.8, , 1014.6, , 1015.3, , 1018.2, , 1015.1, , 1018.7, , 1016.8, , 1010.4, , 1018.3, , 1016.8, , 1017.3, , 1017.4, , 1016.2, , 1015.3,  
1990, 1010.7, , 1018.6, , 1020.8, , 1014.9, , 1014.4, , 1011.6, , 1016.8, , 1017.5, , 1015.4, , 1014.6, , 1013.9, , 1016.9, , 1015.5, , 1015.9, , 1016.7, , 1015.3, , 1014.6,  
1991, 1017.8, , 1015.6, , 1012.8, , 1016.1, , 1016.7, , 1017.4, , 1014.3, , 1017.4, , 1017.4, , 1015.0, , 1015.8, , 1017.9, , 1016.2, , 1016.7, , 1015.2, , 1016.3, , 1016.0,  
1992, 1014.9, , 1017.4, , 1016.8, , 1017.0, , 1019.0, , 1013.8, , 1013.6, , 1017.4, , 1016.7, , 1016.3, , 1016.7, , 1016.7, , 1016.3, , 1016.7, , 1017.6, , 1014.9, , 1016.6,  
1993, 1020.4, , 1021.4, , 1020.0, , 1015.5, , 1014.4, , 1014.8, , 1013.6, , 1015.4, , 1014.8, , 1013.6, , 1017.5, , 1015.1, , 1016.4, , 1019.5, , 1016.6, , 1014.6, , 1015.3,  
1994, 1022.1, , 1021.7, , 1014.3, , 1014.3, , 1015.2, , 1013.6, , 1013.9, , 1015.7, , 1016.5, , 1016.4, , 1015.4, , 1022.0, , 1016.8, , 1019.6, , 1014.6, , 1014.4, , 1016.1,  
1995, 1014.8, , 1015.3, , 1020.8, , 1014.6, , 1013.7, , 1015.4, , 1012.0, , 1016.0, , 1017.9, , 1010.0, , 1014.2, , 1018.0, , 1015.2, , 1017.4, , 1016.4, , 1014.5, , 1014.0,  
1996, 1016.1, , 1013.4, , 1018.1, , 1013.1, , 1017.5, , 1014.6, , 1013.8, , 1018.3, , 1014.7, , 1015.2, , 1020.1, , 1014.9, , 1015.8, , 1015.8, , 1016.3, , 1015.6, , 1016.6,  
1997, 1013.6, , 1019.9, , 1017.4, , 1015.5, , 1013.9, , 1013.7, , 1015.5, , 1016.4, , 1014.2, , 1016.6, , 1014.0, , 1012.6, , 1015.3, , 1016.1, , 1015.6, , 1015.2, , 1014.9,  
1998, 1017.9, , 1017.3, , 1016.6, , 1015.8, , 1012.7, , 1010.3, , 1014.2, , 1017.3, , 1013.1, , 1019.8, , 1014.6, , 1016.5, , 1015.5, , 1015.9, , 1015.0, , 1013.9, , 1015.8,  
1999, 1018.0, , 1016.4, , 1020.4, , 1017.4, , 1014.8, , 1016.0, , 1013.0, , 1015.8, , 1014.3, , 1016.8, , 1017.0, , 1015.3, , 1016.3, , 1017.0, , 1017.6, , 1014.9, , 1016.0,  
2000, 1019.1, , 1018.6, , 1016.7, , 1016.9, , 1011.8, , 1013.6, , 1015.7, , 1016.6, , 1015.4, , 1021.0, , 1014.4, , 1021.5, , 1016.8, , 1017.7, , 1015.1, , 1015.3, , 1017.0,  
2001, 1016.0, , 1019.6, , 1016.6, , 1017.0, , 1015.0, , 1015.2, , 1015.8, , 1015.2, , 1017.5, , 1013.3, , 1017.6, , 1012.8, , 1015.9, , 1019.0, , 1016.2, , 1015.4, , 1016.1,  
2002, 1012.3, , 1015.2, , 1018.4, , 1017.9, , 1016.5, , 1015.0, , 1015.9, , 1018.1, , 1015.4, , 1018.8, , 1013.1, , 1013.9, , 1015.9, , 1013.5, , 1017.6, , 1016.3, , 1015.8,  
2003, 1016.3, , 1017.2, , 1014.8, , 1018.6, , 1015.8, , 1014.3, , 1013.3, , 1017.2, , 1015.6, , 1013.2, , 1014.8, , 1015.8, , 1015.6, , 1015.8, , 1016.4, , 1014.9, , 1014.6,  
2004, 1018.8, , 1021.2, , 1018.7, , 1016.4, , 1015.6, , 1015.0, , 1014.4, , 1015.3, , 1019.7, , 1014.4, , 1019.0, , 1015.9, , 1017.0, , 1018.6, , 1016.9, , 1014.9, , 1017.7,  
2005, 1024.9, , 1020.0, , 1013.6, , 1016.3, , 1016.1, , 1013.0, , 1015.9, , 1015.3, , 1017.0, , 1018.4, , 1010.9, , 1014.1, , 1016.3, , 1020.2, , 1015.4, , 1014.7, , 1015.4,  
2006, 1013.1, , 1015.0, , 1018.9, , 1015.6, , 1011.4, , 1016.2, , 1013.5, , 1017.3, , 1014.7, , 1012.4, , 1018.6, , 1017.1, , 1015.3, , 1014.1, , 1015.3, , 1015.6, , 1015.2,  
2007, 1015.5, , 1015.7, , 1020.2, , 1014.4, , 1020.4, , 1014.4, , 1014.3, , 1015.4, , 1016.9, , 1014.6, , 1015.9, , 1017.2, , 1016.2, , 1016.1, , 1018.3, , 1014.7, , 1015.8,  
2008, 1014.7, , 1015.4, , 1019.4, , 1016.4, , 1011.3, , 1011.0, , 1012.1, , 1015.7, , 1019.4, , 1020.5, , 1014.9, , 1015.1, , 1015.5, , 1015.7, , 1015.7, , 1013.0, , 1018.3,  
2009, 1015.4, , 1017.9, , 1021.3, , 1015.9, , 1015.2, , 1012.4, , 1012.7, , 1014.6, , 1019.7, , 1015.0, , 1018.6, , 1016.6, , 1016.3, , 1016.1, , 1017.5, , 1013.2, , 1017.8,  
2010, 1018.1, , 1017.1, , 1017.5, , 1014.4, , 1016.1, , 1013.2, , 1013.7, , 1013.4, , 1013.1, , 1013.4, , 1016.8, , 1017.0, , 1015.3, , 1017.3, , 1016.0, , 1013.4, , 1014.4,  
2011, 1017.0, , 1015.5, , 1022.1, , 1011.8, , 1015.3, , 1013.8, , 1013.3, , 1011.8, , 1016.2, , 1015.0, , 1014.1, , 1017.6, , 1015.3, , 1016.5, , 1016.4, , 1013.0, , 1015.1,  
2012, 1012.2, , 1016.8, , 1016.2, , 1017.0, , 1015.3, , 1012.6, , 1014.6, , 1014.1, , 1015.2, , 1013.1, , 1020.5, , 1015.8, , 1015.3, , 1015.5, , 1016.2, , 1013.8, , 1016.3,  
2013, 1016.0, , 1015.7, , 1017.3, , 1016.7, , 1017.1, , 1014.3, , 1016.3, , 1016.2, , 1016.8, , 1014.6, , 1017.9, , 1018.3, , 1016.4, , 1015.8, , 1017.1, , 1015.6, , 1016.4,  
2014, 1012.1, , 1016.8, , 1018.8, , 1016.0, , 1015.9, , 1014.6, , 1013.7, , 1016.4, , 1017.9, , 1011.7, , 1013.1, , 1020.8, , 1015.6, , 1015.7, , 1016.9, , 1014.9, , 1014.2,  
