7016294,QUEBEC/JEAN LESAGE INTL A                 ,QUE , monthly mean of homogeneous sea level pressure, (hPa), updated to December 2014
Year,    Jan, ,    Feb, ,    Mar, ,    Apr, ,    May, ,    Jun, ,    Jul, ,    Aug, ,    Sep, ,    Oct, ,    Nov, ,    Dec, , Annual, , Winter, , Spring, , Summer, , Autumn
1953, 1014.9, , 1012.1, , 1017.3, , 1007.0, , 1012.4, , 1012.3, , 1013.4, , 1014.9, , 1013.9, , 1018.1, , 1018.5, , 1011.1, , 1013.8, , 1013.5, , 1012.2, , 1013.5, , 1016.8,  
1954, 1019.6, , 1012.6, , 1009.5, , 1018.8, , 1013.0, , 1012.4, , 1010.3, , 1011.4, , 1013.5, , 1015.5, , 1015.8, , 1012.6, , 1013.8, , 1014.4, , 1013.8, , 1011.4, , 1014.9,  
1955, 1012.3, , 1022.6, , 1009.9, , 1014.6, , 1011.8, , 1011.3, , 1013.9, , 1014.8, , 1017.3, , 1015.6, , 1010.6, , 1017.0, , 1014.3, , 1015.9, , 1012.1, , 1013.3, , 1014.5,  
1956, 1015.4, , 1013.8, , 1015.5, , 1011.1, , 1015.0, , 1013.3, , 1012.4, , 1012.1, , 1016.6, , 1022.7, , 1016.3, , 1015.6, , 1015.0, , 1015.4, , 1013.9, , 1012.6, , 1018.5,  
1957, 1019.3, , 1019.5, , 1014.1, , 1016.8, , 1014.4, , 1012.5, , 1010.7, , 1015.4, , 1015.1, , 1018.6, , 1014.6, , 1015.3, , 1015.5, , 1018.2, , 1015.1, , 1012.9, , 1016.1,  
1958, 1014.1, , 1005.8, , 1015.3, , 1015.2, , 1013.7, , 1010.6, , 1012.7, , 1010.6, , 1014.4, , 1016.7, , 1013.0, , 1019.4, , 1013.5, , 1011.7, , 1014.7, , 1011.3, , 1014.7,  
1959, 1011.6, , 1016.9, , 1013.6, , 1014.0, , 1015.5, , 1011.7, , 1015.5, , 1014.8, , 1018.8, , 1015.4, , 1016.7, , 1018.5, , 1015.2, , 1016.0, , 1014.4, , 1014.0, , 1016.9,  
1960, 1016.0, , 1010.2, , 1015.4, , 1013.6, , 1013.7, , 1012.2, , 1011.4, , 1014.8, , 1017.4, , 1013.6, , 1013.3, , 1016.7, , 1014.0, , 1014.9, , 1014.2, , 1012.8, , 1014.8,  
1961, 1015.4, , 1018.7, , 1015.0, , 1009.2, , 1014.7, , 1011.0, , 1012.9, , 1016.0, , 1017.2, , 1015.9, , 1015.6, , 1013.4, , 1014.6, , 1016.9, , 1013.0, , 1013.3, , 1016.2,  
1962, 1016.1, , 1020.7, , 1015.9, , 1013.0, , 1016.2, , 1013.8, , 1012.4, , 1015.5, , 1015.8, , 1013.9, , 1019.7, , 1014.8, , 1015.7, , 1016.7, , 1015.0, , 1013.9, , 1016.5,  
1963, 1016.3, , 1012.7, , 1014.6, , 1009.4, , 1015.5, , 1011.2, , 1010.9, , 1011.6, , 1018.5, , 1016.1, , 1012.1, , 1015.0, , 1013.7, , 1014.6, , 1013.2, , 1011.2, , 1015.5,  
1964, 1012.8, , 1007.5, , 1012.6, , 1018.7, , 1011.8, , 1010.8, , 1013.8, , 1012.8, , 1017.1, , 1015.7, , 1016.4, , 1019.4, , 1014.1, , 1011.8, , 1014.4, , 1012.5, , 1016.4,  
1965, 1014.9, , 1014.9, , 1014.6, , 1013.4, , 1014.3, , 1013.5, , 1012.3, , 1012.0, , 1019.5, , 1011.7, , 1014.5, , 1015.5, , 1014.3, , 1016.4, , 1014.1, , 1012.6, , 1015.2,  
1966, 1014.1, , 1018.5, , 1014.7, , 1016.6, , 1013.3, , 1014.2, , 1010.1, , 1012.3, , 1012.1, , 1012.2, , 1019.1, , 1016.5, , 1014.5, , 1016.1, , 1014.9, , 1012.2, , 1014.5,  
1967, 1015.6, , 1013.5, , 1021.3, , 1015.6, , 1014.0, , 1016.3, , 1012.9, , 1015.5, , 1016.3, , 1017.1, , 1011.7, , 1018.4, , 1015.7, , 1015.2, , 1016.9, , 1014.9, , 1015.0,  
1968, 1023.1, , 1007.8, , 1013.5, , 1015.5, , 1013.8, , 1012.6, , 1015.2, , 1014.1, , 1017.4, , 1013.6, , 1013.4, , 1010.9, , 1014.2, , 1016.4, , 1014.3, , 1013.9, , 1014.8,  
1969, 1016.5, , 1015.5, , 1009.8, , 1015.3, , 1014.1, , 1011.3, , 1014.0, , 1012.0, , 1017.3, , 1017.3, , 1016.4, , 1012.6, , 1014.4, , 1014.3, , 1013.1, , 1012.4, , 1017.0,  
1970, 1012.5, , 1015.4, , 1013.4, , 1013.4, , 1016.9, , 1012.5, , 1012.9, , 1012.0, , 1015.4, , 1022.5, , 1017.1, , 1015.9, , 1015.0, , 1013.5, , 1014.6, , 1012.5, , 1018.3,  
1971, 1010.6, , 1015.0, , 1008.4, , 1011.6, , 1011.4, , 1013.2, , 1012.4, , 1013.8, , 1018.1, , 1018.8, , 1016.8, , 1019.4, , 1014.1, , 1013.8, , 1010.5, , 1013.1, , 1017.9,  
1972, 1015.0, , 1015.6, , 1014.7, , 1014.4, , 1016.4, , 1011.2, , 1015.0, , 1014.4, , 1016.3, , 1018.7, , 1018.0, , 1019.8, , 1015.8, , 1016.6, , 1015.2, , 1013.5, , 1017.7,  
1973, 1013.9, , 1020.0, , 1018.5, , 1012.6, , 1012.0, , 1013.5, , 1012.0, , 1014.7, , 1015.8, , 1016.7, , 1011.3, , 1017.4, , 1014.9, , 1017.9, , 1014.4, , 1013.4, , 1014.6,  
1974, 1018.4, , 1013.8, , 1011.9, , 1012.7, , 1013.1, , 1013.6, , 1012.4, , 1016.4, , 1015.6, , 1019.0, , 1015.5, , 1015.4, , 1014.8, , 1016.5, , 1012.6, , 1014.1, , 1016.7,  
1975, 1017.1, , 1014.4, , 1012.0, , 1011.8, , 1014.2, , 1014.9, , 1011.8, , 1015.4, , 1017.3, , 1018.5, , 1016.6, , 1021.1, , 1015.4, , 1015.6, , 1012.7, , 1014.0, , 1017.5,  
1976, 1016.3, , 1011.6, , 1015.0, , 1012.2, , 1010.6, , 1014.3, , 1010.8, , 1016.0, , 1013.5, , 1013.8, , 1008.0, , 1010.6, , 1012.7, , 1016.4, , 1012.6, , 1013.7, , 1011.8,  
1977, 1006.5, , 1010.8, , 1012.4, , 1015.4, , 1013.1, , 1010.2, , 1013.2, , 1014.3, , 1016.2, , 1015.7, , 1018.8, , 1015.4, , 1013.5, , 1009.3, , 1013.6, , 1012.6, , 1016.9,  
1978, 1014.5, , 1015.4, , 1014.4, , 1012.0, , 1014.0, , 1012.0, , 1013.2, , 1016.2, , 1016.7, , 1016.1, , 1020.4, , 1012.3, , 1014.8, , 1015.1, , 1013.5, , 1013.8, , 1017.7,  
1979, 1013.3, , 1018.8, , 1017.4, , 1015.5, , 1016.1, , 1014.9, , 1014.0, , 1014.6, , 1015.7, , 1012.0, , 1017.0, , 1016.1, , 1015.5, , 1014.8, , 1016.3, , 1014.5, , 1014.9,  
1980, 1015.3, , 1014.4, , 1015.6, , 1014.7, , 1011.2, , 1011.0, , 1011.1, , 1014.5, , 1015.5, , 1012.3, , 1013.3, , 1018.0, , 1013.9, , 1015.2, , 1013.8, , 1012.2, , 1013.7,  
1981, 1012.7, , 1019.1, , 1007.9, , 1012.0, , 1013.4, , 1009.8, , 1013.6, , 1015.8, , 1013.9, , 1018.3, , 1012.7, , 1012.7, , 1013.5, , 1016.6, , 1011.1, , 1013.1, , 1014.9,  
1982, 1015.0, , 1020.2, , 1015.8, , 1010.5, , 1017.9, , 1013.0, , 1013.1, , 1014.2, , 1017.8, , 1018.6, , 1019.1, , 1020.0, , 1016.3, , 1016.0, , 1014.8, , 1013.4, , 1018.5,  
1983, 1018.1, , 1018.6, , 1013.7, , 1013.2, , 1014.4, , 1014.0, , 1011.6, , 1014.9, , 1016.2, , 1020.8, , 1012.6, , 1017.5, , 1015.5, , 1018.9, , 1013.8, , 1013.5, , 1016.5,  
1984, 1021.0, , 1015.2, , 1017.2, , 1016.0, , 1012.5, , 1013.1, , 1012.0, , 1014.2, , 1017.8, , 1021.7, , 1016.3, , 1018.7, , 1016.3, , 1017.9, , 1015.2, , 1013.1, , 1018.6,  
1985, 1008.5, , 1017.3, , 1015.1, , 1014.3, , 1011.4, , 1010.8, , 1012.1, , 1017.6, , 1018.8, , 1018.9, , 1022.1, , 1013.0, , 1015.0, , 1014.8, , 1013.6, , 1013.5, , 1019.9,  
1986, 1014.3, , 1015.2, , 1015.4, , 1014.9, , 1014.6, , 1011.1, , 1013.3, , 1014.9, , 1017.5, , 1017.6, , 1019.7, , 1020.2, , 1015.7, , 1014.1, , 1015.0, , 1013.1, , 1018.3,  
1987, 1013.2, , 1016.0, , 1019.2, , 1016.6, , 1017.0, , 1011.1, , 1013.4, , 1014.4, , 1015.1, , 1016.9, , 1018.1, , 1013.4, , 1015.4, , 1016.4, , 1017.6, , 1013.0, , 1016.7,  
1988, 1019.1, , 1015.7, , 1014.4, , 1010.8, , 1015.2, , 1009.6, , 1014.0, , 1013.8, , 1014.7, , 1015.3, , 1012.8, , 1015.7, , 1014.3, , 1016.1, , 1013.5, , 1012.5, , 1014.2,  
1989, 1016.6, , 1020.0, , 1021.4, , 1013.6, , 1013.2, , 1014.4, , 1014.9, , 1013.0, , 1017.8, , 1016.7, , 1010.4, , 1014.9, , 1015.6, , 1017.4, , 1016.1, , 1014.1, , 1014.9,  
1990, 1012.7, , 1017.5, , 1020.9, , 1014.7, , 1013.3, , 1011.3, , 1014.5, , 1016.5, , 1014.8, , 1015.5, , 1013.5, , 1018.2, , 1015.3, , 1015.0, , 1016.3, , 1014.1, , 1014.6,  
1991, 1019.2, , 1014.2, , 1012.2, , 1017.2, , 1015.2, , 1013.1, , 1012.4, , 1014.5, , 1017.9, , 1018.5, , 1018.7, , 1017.5, , 1015.9, , 1017.2, , 1014.8, , 1013.3, , 1018.4,  
1992, 1013.6, , 1015.5, , 1013.2, , 1015.3, , 1018.7, , 1011.3, , 1012.0, , 1015.6, , 1018.8, , 1015.9, , 1019.5, , 1019.0, , 1015.7, , 1015.5, , 1015.7, , 1012.9, , 1018.1,  
1993, 1020.6, , 1019.4, , 1019.1, , 1016.0, , 1012.7, , 1012.6, , 1011.7, , 1015.5, , 1014.4, , 1015.5, , 1018.9, , 1015.9, , 1016.0, , 1019.7, , 1016.0, , 1013.3, , 1016.3,  
1994, 1020.3, , 1019.9, , 1011.4, , 1014.3, , 1011.5, , 1011.0, , 1014.3, , 1014.3, , 1014.9, , 1017.0, , 1014.9, , 1022.1, , 1015.5, , 1018.7, , 1012.4, , 1013.2, , 1015.6,  
1995, 1015.2, , 1012.0, , 1019.1, , 1012.8, , 1012.9, , 1014.6, , 1011.9, , 1014.9, , 1017.8, , 1013.8, , 1015.4, , 1014.7, , 1014.6, , 1016.4, , 1015.0, , 1013.8, , 1015.7,  
1996, 1018.0, , 1011.6, , 1015.3, , 1011.6, , 1014.6, , 1014.5, , 1010.2, , 1017.5, , 1015.3, , 1017.0, , 1019.9, , 1018.3, , 1015.3, , 1014.8, , 1013.8, , 1014.1, , 1017.4,  
1997, 1013.0, , 1019.4, , 1014.8, , 1012.3, , 1008.8, , 1013.3, , 1011.9, , 1014.4, , 1012.6, , 1017.1, , 1014.1, , 1009.5, , 1013.4, , 1016.9, , 1012.0, , 1013.2, , 1014.6,  
1998, 1020.4, , 1017.0, , 1015.7, , 1013.1, , 1012.0, , 1009.0, , 1010.7, , 1016.3, , 1010.6, , 1016.9, , 1013.8, , 1015.7, , 1014.3, , 1015.6, , 1013.6, , 1012.0, , 1013.8,  
1999, 1019.9, , 1017.7, , 1013.2, , 1013.3, , 1015.8, , 1015.1, , 1010.8, , 1012.9, , 1014.9, , 1016.7, , 1014.6, , 1016.1, , 1015.1, , 1017.8, , 1014.1, , 1012.9, , 1015.4,  
2000, 1015.7, , 1018.1, , 1015.6, , 1014.3, , 1012.5, , 1013.9, , 1013.9, , 1014.5, , 1014.9, , 1018.1, , 1014.2, , 1017.0, , 1015.2, , 1016.6, , 1014.1, , 1014.1, , 1015.7,  
2001, 1015.4, , 1018.0, , 1013.7, , 1017.3, , 1016.1, , 1013.7, , 1012.3, , 1013.7, , 1016.9, , 1014.8, , 1018.8, , 1013.6, , 1015.4, , 1016.8, , 1015.7, , 1013.2, , 1016.8,  
2002, 1011.5, , 1014.7, , 1018.7, , 1017.1, , 1013.3, , 1014.5, , 1012.6, , 1016.7, , 1016.0, , 1019.1, , 1012.6, , 1013.4, , 1015.0, , 1013.3, , 1016.4, , 1014.6, , 1015.9,  
2003, 1013.2, , 1015.2, , 1014.5, , 1018.0, , 1016.6, , 1011.8, , 1012.1, , 1014.9, , 1019.2, , 1012.9, , 1015.2, , 1014.3, , 1014.8, , 1013.9, , 1016.4, , 1012.9, , 1015.8,  
2004, 1011.8, , 1018.7, , 1019.9, , 1014.0, , 1015.1, , 1013.3, , 1013.5, , 1014.5, , 1020.1, , 1017.0, , 1018.6, , 1016.9, , 1016.1, , 1014.9, , 1016.3, , 1013.8, , 1018.6,  
2005, 1023.8, , 1019.8, , 1009.2, , 1014.7, , 1016.6, , 1013.4, , 1014.4, , 1014.5, , 1016.2, , 1016.5, , 1014.0, , 1013.2, , 1015.5, , 1020.2, , 1013.5, , 1014.1, , 1015.6,  
2006, 1013.9, , 1011.7, , 1012.3, , 1014.5, , 1012.4, , 1012.9, , 1012.4, , 1014.3, , 1015.0, , 1012.2, , 1019.6, , 1017.8, , 1014.1, , 1012.9, , 1013.1, , 1013.2, , 1015.6,  
2007, 1014.2, , 1009.4, , 1018.1, , 1012.4, , 1018.5, , 1012.7, , 1012.7, , 1014.0, , 1017.6, , 1016.5, , 1015.9, , 1018.9, , 1015.1, , 1013.8, , 1016.3, , 1013.2, , 1016.6,  
2008, 1017.3, , 1014.9, , 1016.5, , 1018.3, , 1009.5, , 1011.8, , 1012.0, , 1013.3, , 1019.3, , 1018.1, , 1015.4, , 1016.8, , 1015.3, , 1017.0, , 1014.8, , 1012.4, , 1017.6,  
2009, 1014.1, , 1014.6, , 1020.9, , 1013.7, , 1015.0, , 1011.9, , 1012.7, , 1014.4, , 1018.1, , 1016.7, , 1019.2, , 1015.8, , 1015.6, , 1015.2, , 1016.5, , 1013.0, , 1018.0,  
2010, 1012.2, , 1008.2, , 1015.9, , 1011.8, , 1013.7, , 1010.6, , 1011.3, , 1014.1, , 1012.6, , 1010.1, , 1018.9, , 1009.8, , 1012.4, , 1012.0, , 1013.8, , 1012.0, , 1013.9,  
2011, 1014.0, , 1013.5, , 1019.1, , 1012.6, , 1017.1, , 1012.1, , 1010.4, , 1010.4, , 1016.5, , 1015.1, , 1016.2, , 1018.8, , 1014.7, , 1012.4, , 1016.3, , 1011.0, , 1015.9,  
2012, 1014.4, , 1014.9, , 1018.0, , 1010.8, , 1015.6, , 1012.6, , 1011.9, , 1013.4, , 1015.4, , 1014.3, , 1020.2, , 1016.7, , 1014.9, , 1016.0, , 1014.8, , 1012.6, , 1016.6,  
2013, 1016.3, , 1015.6, , 1013.0, , 1018.6, , 1016.7, , 1012.8, , 1015.7, , 1013.9, , 1014.8, , 1016.1, , 1017.0, , 1019.0, , 1015.8, , 1016.2, , 1016.1, , 1014.1, , 1016.0,  
2014, 1013.3, , 1015.7, , 1016.2, , 1016.4, , 1015.4, , 1014.5, , 1011.4, , 1015.4, , 1017.5, , 1012.7, , 1013.3, , 1019.9, , 1015.1, , 1016.0, , 1016.0, , 1013.8, , 1014.5,  
