1126510,PRINCETON A                               ,BC  , monthly mean of homogeneous sea level pressure, (hPa), updated to December 2014
Year,    Jan, ,    Feb, ,    Mar, ,    Apr, ,    May, ,    Jun, ,    Jul, ,    Aug, ,    Sep, ,    Oct, ,    Nov, ,    Dec, , Annual, , Winter, , Spring, , Summer, , Autumn
1953, 1012.1, , 1022.8, , 1014.5, , 1014.1, , 1014.4, , 1015.9, , 1017.5, , 1015.4, , 1017.2, , 1019.9, , 1014.7, , 1019.9, , 1016.5, , 1017.5, , 1014.3, , 1016.3, , 1017.3,  
1954, 1016.7, , 1017.6, , 1017.8, , 1016.9, , 1015.7, , 1013.8, , 1016.1, , 1016.4, , 1016.9, , 1021.1, , 1019.9, , 1020.2, , 1017.4, , 1018.1, , 1016.8, , 1015.5, , 1019.3,  
1955, 1021.9, , 1022.5, , 1019.6, , 1013.6, , 1017.7, , 1016.1, , 1013.8, , 1017.5, , 1017.4, , 1016.4, , 1018.9, , 1017.7, , 1017.8, , 1021.5, , 1016.9, , 1015.8, , 1017.6,  
1956, 1016.1, , 1017.5, , 1017.3, , 1017.5, , 1016.9, , 1015.7, , 1017.3, , 1017.4, , 1017.2, , 1014.2, , 1030.0, , 1022.0, , 1018.3, , 1017.1, , 1017.3, , 1016.8, , 1020.5,  
1957, 1027.0, , 1019.1, , 1014.6, , 1016.5, , 1012.8, , 1014.9, , 1016.0, , 1017.6, , 1017.7, , 1019.0, , 1022.7, , 1014.4, , 1017.7, , 1022.7, , 1014.6, , 1016.2, , 1019.8,  
1958, 1018.5, , 1012.6, , 1012.7, , 1015.3, , 1015.1, , 1013.7, , 1015.1, , 1015.5, , 1015.8, , 1019.8, , 1019.6, , 1023.6, , 1016.4, , 1015.2, , 1014.4, , 1014.7, , 1018.4,  
1959, 1019.6, , 1018.4, , 1018.5, , 1017.2, , 1016.7, , 1014.7, , 1018.0, , 1016.1, , 1014.9, , 1018.2, , 1025.8, , 1022.4, , 1018.4, , 1020.5, , 1017.5, , 1016.3, , 1019.6,  
1960, 1021.6, , 1018.8, , 1016.7, , 1015.0, , 1013.4, , 1016.3, , 1016.5, , 1014.7, , 1019.5, , 1016.9, , 1017.1, , 1028.1, , 1017.9, , 1020.9, , 1015.0, , 1015.8, , 1017.9,  
1961, 1023.6, , 1015.8, , 1011.6, , 1016.2, , 1015.3, , 1015.7, , 1016.5, , 1016.6, , 1017.2, , 1017.5, , 1018.9, , 1017.9, , 1016.9, , 1022.5, , 1014.4, , 1016.3, , 1017.9,  
1962, 1027.7, , 1015.9, , 1015.4, , 1016.7, , 1015.3, , 1015.6, , 1017.7, , 1016.1, , 1015.9, , 1017.9, , 1016.6, , 1022.3, , 1017.8, , 1020.5, , 1015.8, , 1016.5, , 1016.8,  
1963, 1027.5, , 1020.3, , 1014.0, , 1012.5, , 1016.6, , 1014.5, , 1015.4, , 1017.3, , 1015.8, , 1016.3, , 1014.5, , 1025.6, , 1017.5, , 1023.3, , 1014.4, , 1015.7, , 1015.5,  
1964, 1014.2, , 1024.2, , 1013.8, , 1016.6, , 1016.1, , 1014.1, , 1014.7, , 1015.8, , 1017.7, , 1020.8, , 1017.0, , 1013.7, , 1016.6, , 1021.3, , 1015.5, , 1014.9, , 1018.5,  
1965, 1017.2, , 1017.5, , 1022.6, , 1014.1, , 1016.4, , 1014.3, , 1016.5, , 1015.2, , 1018.6, , 1018.9, , 1014.8, , 1015.2, , 1016.8, , 1016.1, , 1017.7, , 1015.4, , 1017.4,  
1966, 1016.9, , 1017.5, , 1016.2, , 1018.5, , 1015.6, , 1015.3, , 1015.0, , 1016.6, , 1016.3, , 1018.7, , 1015.9, , 1015.1, , 1016.5, , 1016.5, , 1016.8, , 1015.6, , 1016.9,  
1967, 1014.7, , 1019.7, , 1012.8, , 1013.4, , 1017.8, , 1014.3, , 1016.4, , 1016.4, , 1014.8, , 1015.3, , 1020.1, , 1019.4, , 1016.3, , 1016.5, , 1014.7, , 1015.7, , 1016.7,  
1968, 1017.8, , 1021.5, , 1015.8, , 1018.6, , 1015.2, , 1015.5, , 1016.4, , 1014.5, , 1016.2, , 1015.1, , 1017.4, , 1016.4, , 1016.7, , 1019.6, , 1016.5, , 1015.5, , 1016.2,  
1969, 1015.1, , 1011.8, , 1020.1, , 1014.1, , 1015.8, , 1011.6, , 1016.2, , 1013.9, , 1013.7, , 1019.5, , 1021.0, , 1018.9, , 1016.0, , 1014.4, , 1016.7, , 1013.9, , 1018.1,  
1970, 1017.7, , 1022.9, , 1019.8, , 1015.8, , 1017.8, , 1013.5, , 1014.7, , 1014.4, , 1018.4, , 1018.3, , 1017.4, , 1014.1, , 1017.1, , 1019.8, , 1017.8, , 1014.2, , 1018.0,  
1971, 1018.4, , 1018.3, , 1015.9, , 1015.5, , 1015.3, , 1014.6, , 1017.0, , 1013.8, , 1017.1, , 1018.8, , 1018.2, , 1016.4, , 1016.6, , 1016.9, , 1015.6, , 1015.2, , 1018.0,  
1972, 1018.1, , 1016.0, , 1016.2, , 1015.3, , 1016.0, , 1014.0, , 1016.3, , 1016.5, , 1015.8, , 1021.9, , 1017.5, , 1020.0, , 1017.0, , 1016.9, , 1015.8, , 1015.6, , 1018.4,  
1973, 1020.4, , 1020.1, , 1012.7, , 1019.2, , 1016.1, , 1014.7, , 1016.4, , 1014.6, , 1016.7, , 1016.3, , 1011.0, , 1017.6, , 1016.3, , 1020.2, , 1016.0, , 1015.2, , 1014.7,  
1974, 1016.8, , 1017.1, , 1010.9, , 1016.8, , 1015.4, , 1013.9, , 1016.0, , 1016.2, , 1019.6, , 1022.0, , 1019.1, , 1018.5, , 1016.9, , 1017.2, , 1014.4, , 1015.4, , 1020.2,  
1975, 1020.1, , 1019.4, , 1014.6, , 1015.2, , 1016.0, , 1015.7, , 1015.1, , 1016.2, , 1021.7, , 1014.0, , 1017.0, , 1021.9, , 1017.2, , 1019.3, , 1015.3, , 1015.7, , 1017.6,  
1976, 1023.6, , 1015.2, , 1016.5, , 1016.4, , 1016.5, , 1015.7, , 1015.6, , 1016.1, , 1017.6, , 1021.2, , 1026.5, , 1022.6, , 1018.6, , 1020.2, , 1016.5, , 1015.8, , 1021.8,  
1977, 1025.8, , 1021.9, , 1013.3, , 1018.4, , 1010.8, , 1015.3, , 1016.0, , 1013.2, , 1014.1, , 1018.0, , 1017.5, , 1016.8, , 1016.8, , 1023.4, , 1014.2, , 1014.8, , 1016.5,  
1978, 1019.4, , 1016.7, , 1015.7, , 1013.1, , 1016.7, , 1015.3, , 1014.8, , 1014.8, , 1014.9, , 1022.1, , 1023.7, , 1023.2, , 1017.5, , 1017.6, , 1015.1, , 1015.0, , 1020.2,  
1979, 1026.5, , 1013.4, , 1017.7, , 1014.2, , 1015.3, , 1015.9, , 1014.6, , 1013.5, , 1015.7, , 1016.2, , 1024.2, , 1017.7, , 1017.1, , 1021.1, , 1015.8, , 1014.7, , 1018.7,  
1980, 1021.4, , 1017.3, , 1014.7, , 1015.4, , 1013.1, , 1014.9, , 1015.3, , 1014.6, , 1015.6, , 1020.9, , 1020.2, , 1021.0, , 1017.0, , 1018.8, , 1014.4, , 1014.9, , 1018.9,  
1981, 1021.8, , 1019.2, , 1016.1, , 1015.3, , 1014.5, , 1014.8, , 1016.0, , 1014.1, , 1016.4, , 1015.9, , 1015.9, , 1016.1, , 1016.3, , 1020.7, , 1015.3, , 1015.0, , 1016.1,  
1982, 1015.7, , 1017.8, , 1011.4, , 1014.3, , 1016.7, , 1012.6, , 1015.3, , 1016.1, , 1017.2, , 1017.5, , 1016.9, , 1019.9, , 1015.9, , 1016.5, , 1014.1, , 1014.7, , 1017.2,  
1983, 1014.1, , 1010.2, , 1008.5, , 1014.2, , 1015.5, , 1013.0, , 1014.6, , 1015.2, , 1017.9, , 1018.1, , 1010.5, , 1024.0, , 1014.7, , 1014.7, , 1012.7, , 1014.3, , 1015.5,  
1984, 1025.5, , 1017.5, , 1016.4, , 1014.5, , 1015.0, , 1013.9, , 1015.7, , 1014.1, , 1016.7, , 1015.2, , 1012.1, , 1020.5, , 1016.4, , 1022.3, , 1015.3, , 1014.6, , 1014.7,  
1985, 1029.7, , 1020.5, , 1016.2, , 1015.4, , 1013.7, , 1015.7, , 1014.8, , 1015.3, , 1016.6, , 1014.5, , 1022.2, , 1030.3, , 1018.7, , 1023.5, , 1015.1, , 1015.3, , 1017.8,  
1986, 1018.5, , 1015.1, , 1015.1, , 1015.9, , 1013.0, , 1013.9, , 1016.1, , 1015.1, , 1013.4, , 1020.9, , 1019.9, , 1023.7, , 1016.7, , 1021.3, , 1014.6, , 1015.0, , 1018.1,  
1987, 1020.4, , 1019.2, , 1014.7, , 1015.7, , 1014.1, , 1015.0, , 1012.3, , 1016.9, , 1018.1, , 1021.7, , 1019.0, , 1018.9, , 1017.2, , 1021.1, , 1014.8, , 1014.7, , 1019.6,  
1988, 1022.3, , 1023.2, , 1018.7, , 1012.3, , 1014.1, , 1014.1, , 1016.5, , 1014.7, , 1017.1, , 1018.7, , 1011.3, , 1023.2, , 1017.2, , 1021.5, , 1015.0, , 1015.1, , 1015.7,  
1989, 1019.4, , 1029.5, , 1013.4, , 1016.4, , 1014.8, , 1014.0, , 1015.5, , 1013.8, , 1016.9, , 1018.3, , 1017.8, , 1025.7, , 1018.0, , 1024.0, , 1014.9, , 1014.4, , 1017.7,  
1990, 1014.5, , 1018.4, , 1019.2, , 1015.7, , 1012.8, , 1013.6, , 1015.3, , 1015.3, , 1018.5, , 1015.7, , 1015.7, , 1022.4, , 1016.4, , 1019.6, , 1015.9, , 1014.7, , 1016.7,  
1991, 1025.6, , 1019.2, , 1010.8, , 1016.1, , 1014.3, , 1014.5, , 1016.5, , 1015.0, , 1020.1, , 1020.1, , 1020.0, , 1018.7, , 1017.6, , 1022.4, , 1013.7, , 1015.3, , 1020.0,  
1992, 1018.5, , 1016.5, , 1016.6, , 1014.5, , 1016.1, , 1011.5, , 1015.0, , 1016.9, , 1015.1, , 1016.5, , 1021.8, , 1018.9, , 1016.5, , 1017.9, , 1015.7, , 1014.5, , 1017.8,  
1993, 1021.8, , 1021.6, , 1018.7, , 1013.7, , 1011.3, , 1013.5, , 1015.5, , 1016.6, , 1018.9, , 1020.5, , 1023.4, , 1020.7, , 1018.0, , 1020.8, , 1014.6, , 1015.2, , 1020.9,  
1994, 1021.7, , 1014.3, , 1018.4, , 1014.7, , 1013.8, , 1015.0, , 1015.5, , 1015.9, , 1016.9, , 1015.6, , 1013.6, , 1017.8, , 1016.1, , 1018.9, , 1015.7, , 1015.4, , 1015.4,  
1995, 1016.4, , 1021.1, , 1013.2, , 1014.4, , 1014.0, , 1014.7, , 1014.6, , 1013.3, , 1016.8, , 1018.0, , 1016.3, , 1019.6, , 1016.0, , 1018.4, , 1013.9, , 1014.2, , 1017.0,  
1996, 1018.2, , 1018.3, , 1018.9, , 1014.5, , 1014.5, , 1016.1, , 1016.0, , 1015.5, , 1015.0, , 1017.0, , 1018.5, , 1015.6, , 1016.5, , 1018.7, , 1016.0, , 1015.9, , 1016.9,  
1997, 1019.6, , 1023.2, , 1016.0, , 1016.7, , 1015.8, , 1012.9, , 1015.6, , 1015.2, , 1013.6, , 1014.8, , 1016.2, , 1021.6, , 1016.8, , 1019.5, , 1016.2, , 1014.6, , 1014.9,  
1998, 1012.3, , 1008.6, , 1014.5, , 1015.9, , 1011.4, , 1014.0, , 1014.7, , 1017.0, , 1013.5, , 1018.0, , 1011.2, , 1021.0, , 1014.3, , 1014.1, , 1013.9, , 1015.2, , 1014.2,  
1999, 1016.4, , 1010.6, , 1012.6, , 1018.3, , 1015.4, , 1013.9, , 1015.4, , 1014.1, , 1018.6, , 1021.0, , 1015.7, , 1023.2, , 1016.3, , 1016.0, , 1015.5, , 1014.5, , 1018.4,  
2000, 1019.0, , 1016.7, , 1017.4, , 1016.2, , 1013.8, , 1015.8, , 1015.5, , 1015.3, , 1016.3, , 1017.0, , 1023.1, , 1025.7, , 1017.7, , 1019.7, , 1015.8, , 1015.5, , 1018.8,  
2001, 1022.9, , 1020.5, , 1017.3, , 1014.1, , 1017.0, , 1015.6, , 1014.4, , 1015.0, , 1015.7, , 1017.1, , 1014.9, , 1016.0, , 1016.7, , 1023.0, , 1016.1, , 1015.0, , 1015.9,  
2002, 1018.5, , 1023.6, , 1018.7, , 1015.7, , 1015.3, , 1014.5, , 1016.0, , 1016.8, , 1015.5, , 1021.9, , 1021.3, , 1014.3, , 1017.7, , 1019.3, , 1016.5, , 1015.8, , 1019.6,  
2003, 1023.9, , 1020.3, , 1012.5, , 1010.5, , 1015.4, , 1014.1, , 1015.5, , 1015.4, , 1016.9, , 1017.2, , 1018.3, , 1017.1, , 1016.4, , 1019.5, , 1012.8, , 1015.0, , 1017.5,  
2004, 1020.5, , 1019.4, , 1018.5, , 1017.9, , 1013.8, , 1015.4, , 1014.6, , 1013.8, , 1015.4, , 1013.9, , 1022.7, , 1019.2, , 1017.1, , 1019.0, , 1016.7, , 1014.6, , 1017.4,  
2005, 1022.3, , 1021.5, , 1015.5, , 1015.3, , 1012.8, , 1011.8, , 1014.9, , 1015.7, , 1017.0, , 1015.8, , 1020.0, , 1020.5, , 1016.9, , 1021.0, , 1014.5, , 1014.1, , 1017.6,  
2006, 1013.0, , 1023.3, , 1011.1, , 1013.9, , 1015.9, , 1016.4, , 1014.8, , 1015.4, , 1016.9, , 1019.9, , 1013.0, , 1022.2, , 1016.3, , 1018.9, , 1013.6, , 1015.6, , 1016.6,  
2007, 1025.9, , 1015.0, , 1017.6, , 1016.0, , 1016.1, , 1014.3, , 1014.7, , 1014.0, , 1016.4, , 1016.4, , 1021.5, , 1017.9, , 1017.2, , 1021.0, , 1016.6, , 1014.3, , 1018.1,  
2008, 1016.0, , 1017.4, , 1019.0, , 1017.1, , 1015.7, , 1016.0, , 1014.7, , 1012.9, , 1018.4, , 1021.3, , 1019.8, , 1019.9, , 1017.4, , 1017.1, , 1017.3, , 1014.6, , 1019.8,  
2009, 1026.8, , 1019.0, , 1016.5, , 1017.5, , 1015.2, , 1012.6, , 1015.6, , 1015.0, , 1016.4, , 1017.1, , 1015.2, , 1023.2, , 1017.5, , 1021.9, , 1016.4, , 1014.4, , 1016.2,  
2010, 1014.9, , 1017.0, , 1015.4, , 1011.7, , 1014.1, , 1014.8, , 1014.8, , 1013.6, , 1014.8, , 1017.2, , 1019.1, , 1015.2, , 1015.2, , 1018.4, , 1013.7, , 1014.4, , 1017.0,  
2011, 1022.1, , 1018.9, , 1011.1, , 1014.6, , 1013.9, , 1013.0, , 1014.2, , 1014.5, , 1016.6, , 1017.7, , 1015.8, , 1026.6, , 1016.6, , 1018.7, , 1013.2, , 1013.9, , 1016.7,  
2012, 1020.4, , 1020.3, , 1009.4, , 1014.3, , 1016.8, , 1013.3, , 1015.0, , 1015.8, , 1020.1, , 1016.8, , 1016.7, , 1013.1, , 1016.0, , 1022.4, , 1013.5, , 1014.7, , 1017.8,  
2013, 1025.6, , 1020.6, , 1018.9, , 1017.9, , 1017.1, , 1015.4, , 1015.8, , 1015.0, , 1012.2, , 1022.7, , 1021.4, , 1025.7, , 1019.0, , 1019.8, , 1018.0, , 1015.4, , 1018.8,  
2014, 1025.3, , 1018.5, , 1015.7, , 1015.6, , 1016.7, , 1014.6, , 1016.0, , 1015.6, , 1016.3, , 1014.4, , 1021.9, , 1020.5, , 1017.6, , 1023.2, , 1016.0, , 1015.4, , 1017.5,  
