7103282,INUKJUAK UA                               , QUE,Homogenized monthly mean of the hourly wind speeds, km/h, updated to December 2014
7103282,INUKJUAK UA                               , QUE,    Moyenne mensuelle homogénéisée des vitesses horaires du vent,/h, Mise à jour jusqu à décembre 2014
Year,     Jan, ,     Feb, ,     Mar, ,     Apr, ,     May, ,     Jun, ,     Jul, ,     Aug, ,     Sep, ,     Oct, ,     Nov, ,     Dec, ,   Annual, ,   Winter, ,   Spring, ,   Summer, ,   Autumn
Year,    Janv, ,     Fev, ,    Mars, ,     Avr, ,     Mai, ,    Juin, ,    Juil, ,    Aout, ,    Sept, ,     Oct, ,     Nov, ,     Dec, ,   Annuel, ,    Hiver, , Printemp, ,      Ete, ,  Automne
1953,    17.5, ,    20.2, ,    21.8, ,    20.7, ,    19.2, ,    22.6, ,    21.0, ,    19.8, ,    22.1, ,    22.7, ,    24.4, ,    20.0, ,     21.0, ,     18.9, ,     20.6, ,     21.1, ,     23.1,  
1954,    16.0, ,    19.4, ,    18.2, ,    17.1, ,    25.1, ,    19.9, ,    20.1, ,    20.0, ,    22.6, ,    19.3, ,    21.9, ,    26.4, ,     20.5, ,     18.5, ,     20.1, ,     20.0, ,     21.3,  
1955,    13.2, ,    27.1, ,    24.2, ,    22.1, ,    21.1, ,    22.0, ,    23.4, ,    25.0, ,    22.2, ,    25.2, ,    21.9, ,    23.1, ,     22.5, ,     22.2, ,     22.5, ,     23.5, ,     23.1,  
1956,    18.4, ,    28.0, ,    16.4, ,    25.6, ,    23.5, ,    19.8, ,    18.8, ,    19.2, ,    25.5, ,    26.7, ,    22.0, ,    18.5, ,     21.9, ,     23.2, ,     21.8, ,     19.3, ,     24.7,  
1957,    20.6, ,    23.1, ,    21.1, ,    21.6, ,    20.8, ,    21.9, ,    19.8, ,    23.8, ,    21.0, ,    22.0, ,    27.3, ,    23.8, ,     22.2, ,     20.8, ,     21.2, ,     21.8, ,     23.4,  
1958,    26.4, ,    23.1, ,    18.0, ,    31.0, ,    27.0, ,    23.3, ,    21.5, ,    19.9, ,    20.0, ,    17.6, ,    22.4, ,    21.9, ,     22.7, ,     24.4, ,     25.3, ,     21.6, ,     20.0,  
1959,    28.7, ,    15.9, ,    18.9, ,    22.1, ,    22.5, ,    21.2, ,    20.5, ,    20.1, ,    24.0, ,    23.6, ,    19.1, ,    15.6, ,     21.0, ,     22.2, ,     21.2, ,     20.6, ,     22.2,  
1960,    17.4, ,    21.5, ,    15.0, ,    25.5, ,    21.3, ,    22.1, ,    23.9, ,    23.5, ,    27.2, ,    18.3, ,    24.0, ,    23.6, ,     22.0, ,     18.2, ,     20.6, ,     23.2, ,     23.2,  
1961,    12.3, ,    15.6, ,    21.2, ,    19.4, ,    17.9, ,    19.9, ,    18.3, ,    21.0, ,    27.1, ,    25.9, ,    17.4, ,    18.1, ,     19.5, ,     17.2, ,     19.5, ,     19.7, ,     23.5,  
1962,    20.4, ,    13.4, ,    14.1, ,    20.2, ,    21.6, ,    21.3, ,    19.2, ,    24.0, ,    23.5, ,    20.0, ,    26.3, ,    25.5, ,     20.8, ,     17.3, ,     18.7, ,     21.5, ,     23.3,  
1963,    22.7, ,    20.2, ,    19.2, ,    26.9, ,    24.4, ,    20.9, ,    19.6, ,    20.9, ,    21.3, ,    24.8, ,    23.3, ,    22.9, ,     22.2, ,     22.8, ,     23.5, ,     20.5, ,     23.1,  
1964,    19.9, ,    18.6, ,    19.9, ,    22.6, ,    26.5, ,    21.3, ,    20.9, ,    22.6, ,    21.9, ,    21.8, ,    21.0, ,    25.0, ,     21.8, ,     20.5, ,     23.0, ,     21.6, ,     21.6,  
1965,    23.4, ,    21.2, ,    14.5, ,    17.2, ,    26.9, ,    22.4, ,    20.8, ,    21.0, ,    26.5, ,    22.0, ,    21.6, ,    14.1, ,     21.0, ,     23.2, ,     19.5, ,     21.4, ,     23.4,  
1966,    19.9, ,    19.6, ,    22.0, ,    24.2, ,    24.9, ,    22.5, ,    19.9, ,    19.0, ,    19.9, ,    21.6, ,    28.9, ,    23.6, ,     22.2, ,     17.9, ,     23.7, ,     20.4, ,     23.4,  
1967,    15.6, ,    21.4, ,    23.4, ,    22.2, ,    24.9, ,    23.6, ,    21.6, ,    23.2, ,    24.2, ,    27.3, ,    28.7, ,    24.0, ,     23.3, ,     20.2, ,     23.5, ,     22.8, ,     26.8,  
1968,    17.9, ,    23.5, ,    19.7, ,    26.3, ,    23.8, ,    21.2, ,    22.9, ,    22.1, ,    21.0, ,    20.4, ,    18.1, ,    24.4, ,     21.8, ,     21.8, ,     23.3, ,     22.1, ,     19.8,  
1969,    21.4, ,    17.1, ,    25.7, ,    16.8, ,    23.0, ,    21.6, ,    18.3, ,    24.0, ,    21.0, ,    21.9, ,    22.4, ,    16.1, ,     20.8, ,     21.0, ,     21.9, ,     21.3, ,     21.8,  
1970,    20.9, ,    18.8, ,    19.6, ,    14.0, ,    21.1, ,    15.3, ,    17.3, ,    17.0, ,    22.4, ,    22.4, ,    25.5, ,    18.3, ,     19.4, ,     18.6, ,     18.2, ,     16.5, ,     23.4,  
1971,    18.0, ,    23.0, ,    16.2, ,    21.6, ,    20.3, ,    17.3, ,    16.8, ,    18.6, ,    20.2, ,    20.6, ,    20.4, ,    20.3, ,     19.4, ,     19.8, ,     19.4, ,     17.6, ,     20.4,  
1972,    18.6, ,    16.5, ,    13.2, ,    17.1, ,    17.1, ,    18.7, ,    19.9, ,    17.2, ,    25.6, ,    25.2, ,    21.9, ,    13.3, ,     18.7, ,     18.5, ,     15.8, ,     18.6, ,     24.2,  
1973,    13.8, ,    19.0, ,    18.6, ,    21.9, ,    16.5, ,    14.9, ,    15.8, ,    14.3, ,    21.2, ,    22.0, ,    20.0, ,    20.7, ,     18.2, ,     15.4, ,     19.0, ,     15.0, ,     21.1,  
1974,    14.7, ,    15.3, ,    14.4, ,    17.6, ,    18.4, ,    16.9, ,    17.1, ,    19.4, ,    20.1, ,    19.2, ,    24.0, ,    19.0, ,     18.0, ,     16.9, ,     16.8, ,     17.8, ,     21.1,  
1975,    20.6, ,    18.6, ,    17.0, ,    17.1, ,    17.6, ,    18.8, ,    16.6, ,    16.3, ,    10.8, ,    22.0, ,    26.7, ,    26.7, ,     19.1, ,     19.4, ,     17.2, ,     17.2, ,     19.8,  
1976,    21.0, ,    17.0, ,    11.7, ,    19.6, ,    20.0, ,    17.3, ,    17.1, ,    21.7, ,    19.3, ,    24.3, ,    23.6, ,    22.0, ,     19.6, ,     21.6, ,     17.1, ,     18.7, ,     22.4,  
1977,    21.1, ,    18.9, ,    18.4, ,    20.9, ,    20.6, ,    21.3, ,    20.1, ,    20.5, ,    14.2, ,    22.6, ,    26.6, ,    22.6, ,     20.7, ,     20.6, ,     20.0, ,     20.6, ,     21.1,  
1978,    20.1, ,    18.3, ,    17.2, ,    24.0, ,    20.2, ,    19.0, ,    21.8, ,    21.5, ,    19.2, ,    22.3, ,    24.4, ,    18.3, ,     20.5, ,     20.4, ,     20.5, ,     20.8, ,     22.0,  
1979,    20.8, ,    13.6, ,    18.4, ,    25.0, ,    21.4, ,    21.4, ,    23.9, ,    24.7, ,    26.0, , -9999.9,M,    24.8, ,    19.4, ,     21.8, ,     17.6, ,     21.6, ,     23.3, ,     25.4,  
1980,    25.2, ,    18.1, ,    19.8, ,    24.3, ,    23.1, ,    21.5, ,    21.2, ,    19.8, ,    23.1, ,    20.6, ,    23.3, ,    21.7, ,     21.8, ,     20.9, ,     22.4, ,     20.8, ,     22.4,  
1981,    16.6, ,    18.5, ,    19.9, ,    16.0, ,    22.5, ,    19.4, ,    19.8, ,    19.3, ,    25.2, ,    26.8, ,    21.1, ,    17.1, ,     20.2, ,     19.0, ,     19.5, ,     19.5, ,     24.3,  
1982,    24.8, ,    21.4, ,    18.9, ,    20.0, ,    18.0, ,    16.3, ,    19.8, ,    18.4, ,    22.5, ,    20.4, ,    27.2, ,    20.3, ,     20.7, ,     21.1, ,     19.0, ,     18.2, ,     23.4,  
1983,    16.2, ,    17.4, ,    15.5, ,    21.5, ,    22.7, ,    18.1, ,    17.8, ,    15.7, ,    18.9, ,    20.1, ,    20.5, ,    20.4, ,     18.7, ,     18.0, ,     19.9, ,     17.2, ,     19.8,  
1984,    20.4, ,    17.9, ,    17.2, ,    19.0, ,    19.2, ,    19.0, ,    17.1, ,    18.9, ,    18.8, ,    22.6, ,    24.5, ,    19.9, ,     19.5, ,     19.5, ,     18.5, ,     18.3, ,     22.0,  
1985,    15.9, ,    15.4, ,    22.6, ,    21.0, ,    15.2, ,    19.5, ,    16.3, ,    23.1, ,    23.0, ,    21.4, ,    23.6, ,    21.9, ,     19.9, ,     17.1, ,     19.6, ,     19.7, ,     22.7,  
1986,    19.4, ,    18.7, ,    17.9, ,    21.5, ,    18.9, ,    22.9, ,    17.7, ,    21.3, ,    20.3, ,    22.1, ,    25.1, ,    20.5, ,     20.5, ,     20.0, ,     19.4, ,     20.6, ,     22.5,  
1987,    19.1, ,    18.4, ,    16.0, ,    21.3, ,    20.1, ,    22.0, ,    16.7, ,    19.6, ,    19.6, ,    20.1, ,    22.5, ,    19.2, ,     19.6, ,     19.3, ,     19.2, ,     19.4, ,     20.7,  
1988,    17.4, ,    19.0, ,    18.9, ,    23.2, ,    20.5, ,    19.3, ,    18.3, ,    19.6, ,    15.9, ,    21.9, ,    22.0, ,    21.3, ,     19.8, ,     18.5, ,     20.9, ,     19.1, ,     19.9,  
1989,    19.2, ,    17.7, ,    19.4, ,    21.5, ,    23.8, , -9999.9,M,    21.0, ,    18.6, ,    25.6, ,    22.6, ,    26.3, ,    17.8, ,     21.2, ,     19.4, ,     21.6, ,     19.8, ,     24.8,  
1990,    16.5, ,    19.5, ,    21.2, ,    19.7, ,    20.7, ,    19.7, ,    21.6, ,    20.2, ,    24.1, ,    19.8, ,    25.5, ,    23.3, ,     21.0, ,     17.9, ,     20.5, ,     20.5, ,     23.1,  
1991,    14.3, ,    18.0, ,    17.7, ,    16.0, ,    19.7, ,    19.7, ,    18.8, ,    20.9, ,    23.0, ,    24.3, ,    25.6, ,    22.4, ,     20.0, ,     18.5, ,     17.8, ,     19.8, ,     24.3,  
1992,    21.1, ,    16.4, ,    16.5, ,    16.0, ,    21.9, ,    18.6, ,    16.1, ,    19.4, ,    25.5, ,    24.4, ,    21.2, ,    20.7, ,     19.8, ,     20.0, ,     18.1, ,     18.0, ,     23.7,  
1993,    22.1, ,    14.9, ,    15.2, ,    16.9, ,    17.2, ,    20.4, ,    17.0, ,    18.9, ,    23.6, ,    21.0, ,    25.8, ,    20.1, ,     19.4, ,     19.2, ,     16.5, ,     18.7, ,     23.4,  
1994,    18.8, , -9999.9,M, -9999.9,M, -9999.9,M, -9999.9,M, -9999.9,M, -9999.9,M,    21.6, ,    23.2, ,    22.1, ,    22.6, ,    19.3, ,  -9999.9,M,     19.5, ,  -9999.9,M,  -9999.9,M,     22.6,  
1995,    10.9, ,    18.1, ,    18.8, ,    19.8, ,    20.5, ,    20.3, , -9999.9,M,    20.0, ,    23.0, ,    21.7, ,    25.2, ,    16.5, ,     19.5, ,     16.1, ,     19.7, ,     20.1, ,     23.3,  
1996,    24.0, ,    24.5, ,    21.1, ,    20.7, ,    19.1, ,    18.4, ,    16.9, ,    23.5, ,    17.9, ,    21.9, ,    21.7, ,    25.4, ,     21.3, ,     21.6, ,     20.3, ,     19.6, ,     20.5,  
1997,    19.6, ,    21.5, ,    20.2, ,    20.5, ,    21.2, ,    19.4, ,    19.2, ,    18.9, ,    20.5, ,    25.5, ,    21.9, ,    21.1, ,     20.8, ,     22.2, ,     20.7, ,     19.2, ,     22.6,  
1998,    19.6, ,    19.5, ,    18.2, ,    20.0, ,    20.8, ,    20.6, ,    21.7, ,    21.4, ,    21.7, ,    20.8, ,    19.9, ,    22.0, ,     20.5, ,     20.1, ,     19.7, ,     21.2, ,     20.8,  
1999,    23.8, ,    19.5, ,    22.7, ,    19.2, ,    21.3, ,    21.2, ,    18.7, ,    19.1, ,    21.7, ,    18.9, ,    18.4, ,    24.6, ,     20.8, ,     21.8, ,     21.1, ,     19.6, ,     19.7,  
2000,    19.1, ,    21.5, ,    20.6, ,    18.9, ,    21.1, ,    21.5, ,    17.3, ,    21.3, ,    22.8, ,    20.5, ,    19.8, ,    21.6, ,     20.5, ,     21.7, ,     20.2, ,     20.1, ,     21.1,  
2001,    17.3, ,    18.8, ,    18.7, ,    21.3, ,    20.8, ,    21.7, ,    18.1, ,    19.6, ,    19.2, ,    17.9, ,    23.1, ,    22.9, ,     20.0, ,     19.3, ,     20.3, ,     19.8, ,     20.1,  
2002,    16.8, ,    15.3, ,    23.6, ,    21.0, ,    22.6, ,    19.2, ,    19.7, ,    21.3, ,    26.9, ,    19.0, ,    20.2, ,    25.7, ,     20.9, ,     18.3, ,     22.4, ,     20.1, ,     22.0,  
2003,    23.0, ,    16.7, ,    18.8, ,    22.1, ,    20.6, ,    18.8, ,    18.9, ,    21.6, ,    23.6, ,    18.7, ,    23.5, ,    22.5, ,     20.7, ,     21.8, ,     20.5, ,     19.8, ,     21.9,  
2004,    18.3, ,    14.6, ,    23.6, ,    25.6, ,    22.4, ,    20.1, ,    19.3, ,    18.7, ,    22.9, ,    26.0, ,    22.5, ,    21.5, ,     21.3, ,     18.5, ,     23.8, ,     19.3, ,     23.8,  
2005,    23.1, ,    19.2, ,    18.0, ,    22.1, ,    17.7, ,    19.1, ,    22.0, ,    16.5, ,    17.9, ,    21.7, ,    23.5, ,    21.0, ,     20.2, ,     21.2, ,     19.3, ,     19.2, ,     21.0,  
2006,    17.2, ,    20.5, ,    23.7, ,    24.6, ,    19.9, ,    21.1, ,    19.5, ,    18.7, ,    17.4, ,    22.4, ,    21.3, ,    23.0, ,     20.8, ,     19.5, ,     22.7, ,     19.8, ,     20.4,  
2007,    15.8, ,    16.4, ,    22.9, ,    22.8, ,    21.5, ,    21.1, ,    18.9, ,    22.0, ,    24.2, ,    22.3, ,    19.6, ,    17.8, ,     20.5, ,     18.4, ,     22.4, ,     20.7, ,     22.1,  
2008,    22.3, ,    19.3, ,    23.0, ,    23.1, ,    20.5, ,    17.3, ,    17.7, ,    19.1, ,    23.8, , -9999.9,M,    22.8, ,    20.4, ,     20.8, ,     19.8, ,     22.2, ,     18.0, ,     23.3,  
2009,    15.9, ,    13.7, , -9999.9,M, -9999.9,M,    24.3, ,    19.3, ,    22.9, ,    21.2, ,    27.1, ,    20.4, ,    22.9, ,    24.1, ,     21.2, ,     16.6, ,  -9999.9,M,     21.1, ,     23.5,  
2010,    17.2, , -9999.9,M,    22.1, , -9999.9,M,    24.9, ,    24.1, ,    21.1, ,    22.0, ,    27.4, ,    24.3, ,    25.1, ,    24.4, ,     23.3, ,     20.6, ,     23.5, ,     22.4, ,     25.6,  
2011,    19.0, ,    25.7, ,    20.3, ,    24.7, ,    25.1, ,    25.3, ,    25.0, ,    21.6, ,    26.2, ,    23.4, ,    24.4, ,    31.9, ,     24.4, ,     23.0, ,     23.4, ,     24.0, ,     24.7,  
2012,    18.4, ,    17.2, ,    23.6, ,    16.9, ,    17.7, ,    22.7, ,    20.5, ,    17.0, , -9999.9,M,    23.2, ,    22.1, , -9999.9,M,     19.9, ,     22.5, ,     19.4, ,     20.0, ,     22.7,  
2013,    20.4, ,    18.2, ,    19.1, , -9999.9,M,    23.5, ,    22.4, ,    21.3, ,    21.1, ,    26.9, ,    20.9, ,    22.1, ,    20.8, ,     21.5, ,     19.3, ,     21.3, ,     21.6, ,     23.3,  
2014,    23.2, ,    18.5, ,    15.9, ,    22.4, ,    21.1, ,    22.7, ,    23.5, , -9999.9,M, -9999.9,M, -9999.9,M, -9999.9,M, -9999.9,M,  -9999.9,M,     20.8, ,     19.8, ,     23.1, ,  -9999.9,M 
