2100950,SHINGLE POINT  ,YT, station not joined, Monthly mean of homogenized daily minimum temperature                  , Deg Celcius,          Updated to December 2017
2100950,SHINGLE POINT  ,YT, station non jointe, Moyenne mensuelle des temperatures quotidiennes minimales homogeneisees, Deg Celsius, Mise a jour jusqu a decembre 2017
 Year,     Jan, ,     Feb, ,     Mar, ,     Apr, ,     May, ,     Jun, ,     Jul, ,     Aug, ,     Sep, ,     Oct, ,     Nov, ,     Dec, ,  Annual, ,  Winter, ,  Spring, ,  Summer, ,  Autumn
Annee,    Janv, ,     Fev, ,    Mars, ,     Avr, ,     Mai, ,    Juin, ,    Juil, ,    Aout, ,    Sept, ,     Oct, ,     Nov, ,     Dec, ,  Annuel, ,   Hiver, ,Printemp, ,     Ete, , Automne
 1957, -9999.9,M, -9999.9,M, -9999.9,M, -9999.9,M, -9999.9,M,    -2.0, ,     3.3, ,     5.6, ,    -2.7, ,   -10.1, ,   -26.1, ,   -34.0, , -9999.9,M, -9999.9,M, -9999.9,M,     2.3, ,   -13.0, 
 1958,   -31.0, ,   -36.7, ,   -27.8, ,   -20.6, ,    -6.7, ,     5.7, ,    10.8, ,     7.1, ,     0.7, ,   -11.5, ,   -23.1, ,   -30.0, ,   -13.6, ,   -33.9, ,   -18.4, ,     7.9, ,   -11.3, 
 1959,   -33.3, ,   -23.6, ,   -32.8, ,   -20.9, ,   -10.2, ,    -0.8, , -9999.9,M,     0.9, ,    -2.8, ,   -13.4, ,   -27.9, ,   -30.0, , -9999.9,M,   -29.0, ,   -21.3, , -9999.9,M,   -14.7, 
 1960,   -35.2, ,   -27.3, ,   -27.4, ,   -22.0, ,    -6.9, ,     0.9, ,     4.2, , -9999.9,M,    -1.1, , -9999.9,M, -9999.9,M,   -25.1, , -9999.9,M,   -30.8, ,   -18.8, , -9999.9,M, -9999.9,M
 1961, -9999.9,M,   -34.1, ,   -34.0, ,   -25.8, , -9999.9,M,     1.1, ,     5.6, ,     4.5, ,    -0.3, ,   -14.0, ,   -22.2, ,   -31.6, , -9999.9,M, -9999.9,M, -9999.9,M,     3.7, ,   -12.2, 
 1962,   -25.5, ,   -25.9, ,   -30.7, ,   -21.3, ,   -10.9, ,     1.5, ,     6.1, ,     7.1, ,    -2.1, ,    -8.1, ,   -23.6, ,   -24.0, ,   -13.1, ,   -27.7, ,   -21.0, ,     4.9, ,   -11.3, 
 1963, -9999.9,M, -9999.9,M, -9999.9,M,   -15.9, ,    -4.5, ,     1.4, ,     6.3, , -9999.9,M,    -1.4, ,   -11.4, ,   -25.9, ,   -25.0, , -9999.9,M, -9999.9,M, -9999.9,M, -9999.9,M,   -12.9, 
 1964,   -32.3, , -9999.9,M,   -32.5, ,   -24.4, ,    -9.1, ,    -0.6, ,     3.8, ,     4.0, ,    -1.5, ,   -10.9, ,   -22.7, ,   -31.4, , -9999.9,M, -9999.9,M,   -22.0, ,     2.4, ,   -11.7, 
 1965,   -33.9, ,   -38.0, ,   -22.4, ,   -16.4, ,    -9.2, ,    -0.3, ,     5.0, ,     4.5, ,    -0.5, ,   -13.0, ,   -18.7, , -9999.9,M, -9999.9,M,   -34.4, ,   -16.0, ,     3.1, ,   -10.7, 
 1966,   -37.3, ,   -33.1, ,   -29.6, ,   -25.0, ,    -8.7, ,     1.3, ,     6.6, ,     3.5, ,     0.3, ,   -10.4, ,   -23.8, ,   -26.1, ,   -15.2, , -9999.9,M,   -21.1, ,     3.8, ,   -11.3, 
 1967,   -27.3, ,   -33.2, ,   -26.8, ,   -19.0, ,    -5.9, ,     1.5, ,     5.1, ,     2.0, ,    -1.6, ,   -13.0, ,   -21.1, ,   -25.9, ,   -13.8, ,   -28.9, ,   -17.2, ,     2.9, ,   -11.9, 
 1968,   -27.9, ,   -35.4, ,   -27.0, ,   -21.9, ,    -6.4,E,     0.5, ,     7.8, ,     4.3, ,    -2.4, ,   -10.3, ,   -23.8, ,   -29.2, ,   -14.3,E,   -29.7, ,   -18.4,E,     4.2, ,   -12.2, 
 1969,   -31.4, ,   -34.8, ,   -27.7, ,   -16.5, ,    -7.5, ,     0.1, ,     4.1, ,     0.2, ,    -1.7, ,    -6.8, ,   -27.8, ,   -23.9, ,   -14.5, ,   -31.8, ,   -17.2, ,     1.5, ,   -12.1, 
 1970,   -33.0, ,   -32.9, ,   -29.2, ,   -21.5, ,   -10.0, ,     0.9, ,     6.2, ,     6.0, ,    -5.0, ,   -17.0, ,   -19.7, ,   -29.6, ,   -15.4, ,   -29.9, ,   -20.2, ,     4.4, ,   -13.9, 
 1971,   -35.3, ,   -36.0, ,   -30.7, ,   -25.1, ,    -7.7, ,     3.7, ,     7.1, ,     1.9, ,    -1.4, ,   -10.6, ,   -24.7, ,   -30.1, ,   -15.7, ,   -33.6, ,   -21.2, ,     4.2, ,   -12.2, 
 1972,   -29.7, ,   -31.6, ,   -30.2, ,   -23.3, ,   -10.7, ,     1.3, ,     6.9, ,     5.9, ,    -3.0, ,    -8.9, ,   -22.7, ,   -24.3, ,   -14.2, ,   -30.5, ,   -21.4, ,     4.7, ,   -11.5, 
 1973,   -26.7, ,   -28.7, ,   -33.9, ,   -20.9, ,    -8.0, ,     1.1, ,     5.9, ,     4.9, ,     0.9, ,   -10.6, ,   -21.6, ,   -25.7, ,   -13.6, ,   -26.6, ,   -20.9, ,     4.0, ,   -10.4, 
 1974,   -27.1, ,   -35.9, ,   -31.9, ,   -27.5, ,   -10.7, ,    -1.8, ,     4.0, ,     3.6, ,    -1.4, ,   -17.8, ,   -25.8, ,   -34.8, ,   -17.3, ,   -29.6, ,   -23.4, ,     1.9, ,   -15.0, 
 1975,   -35.4, ,   -30.7, ,   -24.9, ,   -21.0, ,    -8.4, ,     1.8, ,     6.8, ,     3.0, ,    -4.2, ,   -13.4, ,   -26.5, ,   -31.7, ,   -15.4, ,   -33.6, ,   -18.1, ,     3.9, ,   -14.7, 
 1976,   -32.5, ,   -33.7, ,   -30.6, ,   -17.0, ,    -7.3, ,     0.0, ,     5.9, ,     5.4, ,     0.8, ,   -11.8, ,   -18.0, ,   -31.9, ,   -14.2, ,   -32.6, ,   -18.3, ,     3.8, ,    -9.7, 
 1977,   -29.0, ,   -28.2, ,   -34.1, ,   -21.2, ,    -6.6, ,     1.3, ,     5.7, ,     6.4, ,     0.3, ,    -8.5, ,   -24.2, ,   -25.1, ,   -13.6, ,   -29.7, ,   -20.6, ,     4.5, ,   -10.8, 
 1978,   -23.9, ,   -26.4, ,   -24.7, ,   -21.0, ,   -12.6, ,    -0.2, ,     7.0, ,     2.9, ,     2.2, ,   -16.6, ,   -16.8, ,   -26.9, ,   -13.1, ,   -25.1, ,   -19.4, ,     3.2, ,   -10.4, 
 1979,   -22.2, ,   -29.6, ,   -32.9, ,   -19.7, ,    -4.6, ,     1.6, ,     8.8, ,     8.4, ,     1.3, ,    -7.5, ,   -12.7, ,   -28.7, ,   -11.5, ,   -26.2, ,   -19.1, ,     6.3, ,    -6.3, 
 1980,   -30.2, ,   -24.8, ,   -27.0, ,   -23.1, ,    -9.4, ,     3.4, ,     5.5, ,     3.9, ,    -5.0, ,    -8.7, ,   -23.9, ,   -30.3, ,   -14.1, ,   -27.9, ,   -19.8, ,     4.3, ,   -12.5, 
 1981,   -18.8, ,   -28.9, ,   -27.1, ,   -18.7, ,    -3.4, ,     1.7, ,     6.3, ,     2.5, ,    -1.8, ,   -10.0, ,   -22.9, ,   -24.3, ,   -12.1, ,   -26.0, ,   -16.4, ,     3.5, ,   -11.6, 
 1982,   -33.7, ,   -25.5, ,   -28.3, ,   -19.3, ,   -10.0, ,     1.7, ,     7.9, ,     3.3, ,     1.2, ,   -14.9, ,   -30.7, ,   -31.4, ,   -15.0, ,   -27.8, ,   -19.2, ,     4.3, ,   -14.8, 
 1983,   -34.5, ,   -32.5, ,   -32.7, ,   -23.0, ,   -14.4, ,     2.0, ,     7.0, ,     5.2, ,    -4.2, ,   -16.1, ,   -18.3, ,   -24.1, ,   -15.5, ,   -32.8, ,   -23.4, ,     4.7, ,   -12.9, 
 1984,   -29.1, ,   -37.2, ,   -30.9, ,   -21.4, ,    -7.4, ,     2.7, ,     5.4, ,     3.5, ,    -0.4, ,   -11.0, ,   -27.9, ,   -31.6, ,   -15.4, ,   -30.1, ,   -19.9, ,     3.9, ,   -13.1, 
 1985,   -26.3, ,   -31.9, ,   -25.3, ,   -27.1, ,    -5.9, ,     1.7, ,     3.2, ,     3.2, ,    -0.9, ,   -13.2, ,   -21.5, ,   -24.3, ,   -14.0, ,   -29.9, ,   -19.4, ,     2.7, ,   -11.9, 
 1986,   -34.2, ,   -26.8, ,   -30.8, ,   -25.5, ,   -10.2, ,     1.0, ,     5.6, ,     3.6, ,     0.8, ,   -12.3, ,   -26.7, ,   -26.8, ,   -15.2, ,   -28.4, ,   -22.2, ,     3.4, ,   -12.7, 
 1987,   -26.0, ,   -31.6, ,   -26.4, ,   -25.6, ,   -10.4, ,     2.3, ,     7.9, ,     4.9, ,    -0.3, ,    -8.7, ,   -24.3, ,   -25.3, ,   -13.6, ,   -28.1, ,   -20.8, ,     5.0, ,   -11.1, 
 1988,   -28.9, ,   -28.0, ,   -24.1, ,   -17.1, ,    -7.8, ,     2.2, ,     7.5, ,     3.5, ,    -0.9, , -9999.9,M, -9999.9,M,   -22.0, , -9999.9,M,   -27.4, ,   -16.3, ,     4.4, , -9999.9,M
 1989, -9999.9,M, -9999.9,M, -9999.9,M, -9999.9,M, -9999.9,M, -9999.9,M, -9999.9,M, -9999.9,M, -9999.9,M, -9999.9,M,   -31.0, ,   -28.7, , -9999.9,M, -9999.9,M, -9999.9,M, -9999.9,M, -9999.9,M
 1990,   -34.6, , -9999.9,M,   -22.0, ,   -12.8, ,    -4.8, ,     3.9, ,     8.7, ,     4.3, ,    -1.0, ,   -10.3, ,   -26.8, ,   -31.2, , -9999.9,M, -9999.9,M,   -13.2, ,     5.6, ,   -12.7, 
 1991,   -26.9, , -9999.9,M,   -28.4, ,   -17.8, ,    -3.0, ,     1.8, , -9999.9,M,     1.7, ,     0.1, ,   -10.2, ,   -25.0, ,   -32.1, , -9999.9,M, -9999.9,M,   -16.4, , -9999.9,M,   -11.7, 
 1992,   -30.9, ,   -31.2, ,   -22.9, ,   -20.0, ,    -9.7, ,     1.9, ,     6.9, ,     4.7, ,    -5.0, ,   -14.7, ,   -21.6, ,   -26.0, ,   -14.0, ,   -31.4, ,   -17.5, ,     4.5, ,   -13.8, 
 1993,   -25.5, ,   -25.0, ,   -24.3,E, -9999.9,M, -9999.9,M, -9999.9,M, -9999.9,M, -9999.9,M, -9999.9,M, -9999.9,M, -9999.9,M,   -25.9,E, -9999.9,M,   -25.5, , -9999.9,M, -9999.9,M, -9999.9,M
 1994,   -30.7,E,   -28.3,E,   -27.2,E,   -19.6,E,    -6.3,E,     0.5,E, -9999.9,M, -9999.9,M, -9999.9,M, -9999.9,M,   -24.9,E,   -27.8,E, -9999.9,M,   -28.3,E,   -17.7,E, -9999.9,M, -9999.9,M
 1995,   -27.4,E,   -29.2,E,   -29.3, ,   -15.9,E,    -2.5,E, -9999.9,M,     8.4,E,     4.8,E,     2.8,E,   -10.2,E,   -22.1, ,   -29.6, , -9999.9,M,   -28.1,E,   -15.9,E, -9999.9,M,    -9.8,E
 1996, -9999.9,M,   -27.3,E,   -23.0,E,   -21.5,E,    -7.2,E,     3.0,E,     7.2,E, -9999.9,M,    -4.2,E,   -19.1,E,   -21.4, ,   -25.9,E, -9999.9,M, -9999.9,M,   -17.2,E, -9999.9,M,   -14.9,E
 1997,   -29.9,E,   -28.7, ,   -28.9,E,   -18.0, ,    -6.8,E,     2.4,E,     7.4,E,     7.4, ,     2.6,E,   -13.7,E,   -15.1, ,   -26.5, ,   -12.3,E,   -28.2,E,   -17.9,E,     5.7,E,    -8.7,E
 1998,   -31.8,E,   -28.0,E,   -20.2,E,    -9.8, ,    -4.0,E,     5.7,E,    10.1, ,     7.8,E,     2.4,E,    -8.2,E,   -20.0, ,   -20.5, ,    -9.7,E,   -28.8,E,   -11.3,E,     7.9,E,    -8.6,E
 1999,   -29.5, ,   -27.9,E,   -28.6,E,   -21.5, ,    -7.3,E,     2.8,E, -9999.9,M, -9999.9,M,    -1.1, ,   -13.1,E,   -25.1,E, -9999.9,M, -9999.9,M,   -26.0,E,   -19.1,E, -9999.9,M,   -13.1,E
 2000,   -26.2,E,   -27.8,E,   -30.2,E,   -19.6,E,   -11.1, ,     2.5,E,     6.0,E,     3.2, ,    -1.7, ,   -12.1,E,   -21.2,E,   -29.4,E,   -14.0,E, -9999.9,M,   -20.3,E,     3.9,E,   -11.7,E
 2001,   -24.5, ,   -24.3, ,   -32.6,E,   -18.6, ,   -10.9,E,     1.5,E,     6.7,E,     4.4, ,     1.1, ,   -11.6, ,   -22.9, ,   -24.8, ,   -13.0,E,   -26.1,E,   -20.7,E,     4.2,E,   -11.1, 
 2002,   -29.2,E,   -30.9, ,   -23.8, ,   -18.5,E,    -6.2,E,     0.8, ,     4.7, ,     2.1, ,     2.3, ,    -8.7, ,   -16.4, ,   -19.6, ,   -12.0,E,   -28.3,E,   -16.2,E,     2.5, ,    -7.6, 
 2003,   -29.2, ,   -28.6, ,   -28.0, ,   -16.4, ,    -6.4, ,     1.4,E,     5.7,E,     2.7,E, -9999.9,M,    -6.1,E,   -19.0,E,   -29.1,E, -9999.9,M,   -25.8, ,   -16.9, ,     3.3,E, -9999.9,M
 2004,   -31.0,E,   -34.6, ,   -34.0, ,   -23.2, ,    -8.8, ,     3.5, ,     7.9,E,     5.8, ,    -2.0, ,   -11.3, ,   -24.1, ,   -31.7, ,   -15.3,E,   -31.6,E,   -22.0, ,     5.7,E,   -12.5, 
 2005,   -23.8, ,   -28.0, ,   -25.7, ,   -20.4, ,    -5.4, ,     0.9, ,     3.8, ,     5.2, ,     0.9, ,    -9.3, ,   -23.8, ,   -23.5, ,   -12.4, ,   -27.8, ,   -17.2, ,     3.3, ,   -10.7, 
 2006,   -30.0, ,   -19.6, ,   -29.3, ,   -22.8, ,    -5.0, ,     3.0, ,     7.3, ,     6.1, , -9999.9,M,    -6.4, ,   -22.3,E,   -22.6, , -9999.9,M,   -24.4, ,   -19.0, ,     5.5, , -9999.9,M
 2007,   -27.0, ,   -30.8, ,   -30.7,E,   -16.1, ,   -10.5, , -9999.9,M, -9999.9,M, -9999.9,M, -9999.9,M, -9999.9,M,   -20.3,E,   -24.6, , -9999.9,M,   -26.8, ,   -19.1,E, -9999.9,M, -9999.9,M
 2008,   -28.4,E,   -28.2, ,   -31.2, ,   -15.4, ,    -4.5, ,     4.6, ,     8.1, ,     2.9,E,    -1.1, ,   -13.8, ,   -21.6,E,   -24.1, ,   -12.7,E,   -27.1,E,   -17.0, ,     5.2,E,   -12.2,E
 2009,   -27.1, ,   -26.7, ,   -30.9,E,   -18.9, ,    -6.1,E,     1.7, ,     6.3, ,     4.0, ,    -0.2, ,    -8.0, ,   -24.5, ,   -22.3,E,   -12.7,E,   -26.0, ,   -18.6,E,     4.0, ,   -10.9, 
 2010,   -29.6, ,   -28.1, ,   -26.6, ,    -9.6,E,    -6.5,E,     2.6,E,     8.1,E,     7.8,E,    -0.3, ,   -10.9, ,   -15.7,E,   -28.4, ,   -11.4,E,   -26.7,E,   -14.2,E,     6.2,E,    -9.0,E
 2011,   -26.7, ,   -23.9, ,   -23.0, ,   -23.3, ,    -7.4, ,     1.4, ,     8.3, ,     6.3, ,     1.3, ,    -8.8, ,   -23.9, ,   -26.9, ,   -12.2, ,   -26.3, ,   -17.9, ,     5.3, ,   -10.5, 
 2012,   -30.7,E,   -25.7, ,   -33.6, ,   -18.0, ,    -6.3,E,     3.5, ,    10.6,E,     7.2, ,     2.8, ,    -7.0,E,   -19.7,E,   -28.5, ,   -12.1,E,   -27.8,E,   -19.3,E,     7.1,E,    -8.0,E
 2013,   -30.1, ,   -32.4,E,   -27.7,E,   -22.1, ,   -10.0, ,     2.5,E,     6.8,E,     6.9,E,    -0.1, ,    -3.3,E,   -17.1,E,   -26.1,E,   -12.7,E,   -30.3,E,   -19.9,E,     5.4,E,    -6.8,E
 2014,   -26.5,E,   -26.6, ,   -23.0, ,   -16.0, ,    -2.8, ,     2.8, ,     7.1,E,     5.1,E,    -0.6,E,    -8.6,E,   -19.8, ,   -24.8,E,   -11.1,E,   -26.4,E,   -13.9, ,     5.0,E,    -9.7,E
 2015,   -26.3,E,   -22.6,E,   -23.9, ,   -14.6, ,    -2.3, ,     5.0,E,     7.9,E,     4.6, ,    -0.8, ,    -9.2, ,   -17.6, ,   -28.6, ,   -10.7,E,   -24.6,E,   -13.6, ,     5.8,E,    -9.2, 
 2016,   -23.0,E,   -27.4,E,   -24.7, ,   -16.8,E,    -2.2, , -9999.9,M, -9999.9,M, -9999.9,M, -9999.9,M, -9999.9,M, -9999.9,M, -9999.9,M, -9999.9,M,   -26.3,E,   -14.6,E, -9999.9,M, -9999.9,M
 2017, -9999.9,M, -9999.9,M, -9999.9,M, -9999.9,M, -9999.9,M,     2.8, ,     8.0, ,     7.1, ,     1.6, , -9999.9,M, -9999.9,M,   -18.3, , -9999.9,M, -9999.9,M, -9999.9,M,     6.0, , -9999.9,M
