2400570,BROUGHTON      ,NU, station not joined, Monthly mean of homogenized daily minimum temperature                  , Deg Celcius,          Updated to December 2017
2400570,BROUGHTON      ,NU, station non jointe, Moyenne mensuelle des temperatures quotidiennes minimales homogeneisees, Deg Celsius, Mise a jour jusqu a decembre 2017
 Year,     Jan, ,     Feb, ,     Mar, ,     Apr, ,     May, ,     Jun, ,     Jul, ,     Aug, ,     Sep, ,     Oct, ,     Nov, ,     Dec, ,  Annual, ,  Winter, ,  Spring, ,  Summer, ,  Autumn
Annee,    Janv, ,     Fev, ,    Mars, ,     Avr, ,     Mai, ,    Juin, ,    Juil, ,    Aout, ,    Sept, ,     Oct, ,     Nov, ,     Dec, ,  Annuel, ,   Hiver, ,Printemp, ,     Ete, , Automne
 1957, -9999.9,M, -9999.9,M, -9999.9,M, -9999.9,M, -9999.9,M, -9999.9,M, -9999.9,M, -9999.9,M, -9999.9,M,   -13.1, ,   -24.3, , -9999.9,M, -9999.9,M, -9999.9,M, -9999.9,M, -9999.9,M, -9999.9,M
 1958, -9999.9,M,   -25.9, ,   -23.6, ,   -23.8, ,    -8.4, , -9999.9,M,     3.1, ,    -0.3, , -9999.9,M,   -10.4, ,   -24.4, ,   -24.2, , -9999.9,M, -9999.9,M,   -18.6, , -9999.9,M, -9999.9,M
 1959,   -21.9, ,   -32.1, ,   -30.8, ,   -19.3, ,   -10.9, ,    -0.1, ,     1.7, ,     2.7, ,    -2.0, ,   -13.9, ,   -15.8, ,   -22.1, ,   -13.7, ,   -26.1, ,   -20.3, ,     1.4, ,   -10.6, 
 1960,   -25.9, ,   -24.6, ,   -28.7, ,   -23.0, ,   -10.3, ,    -3.4, ,     4.0, ,     1.4, ,    -3.8, ,    -7.2, ,   -15.4, ,   -24.8, ,   -13.5, ,   -24.2, ,   -20.7, ,     0.7, ,    -8.8, 
 1961,   -30.9, ,   -32.1, ,   -34.5, ,   -16.2, ,   -13.4, ,    -2.2, ,     2.7, ,    -0.5, ,    -5.4, ,   -11.0, ,   -20.6, ,   -21.8, ,   -15.5, ,   -29.3, ,   -21.4, ,     0.0, ,   -12.3, 
 1962,   -28.5, ,   -32.1, ,   -17.7, ,   -19.5, ,   -11.8, ,    -2.9, ,     4.1, ,     1.4, ,    -3.4, ,   -10.1, ,   -16.5, ,   -23.5, ,   -13.4, ,   -27.5, ,   -16.3, ,     0.9, ,   -10.0, 
 1963,   -23.4, ,   -21.0, ,   -28.9, ,   -18.6, ,   -13.1, ,    -5.3, ,    -0.4, ,     1.5, ,    -6.6, ,   -11.3, ,   -16.1, ,   -23.6, ,   -13.9, ,   -22.6, ,   -20.2, ,    -1.4, ,   -11.3, 
 1964,   -29.4, ,   -26.8, ,   -32.6, ,   -20.7, ,   -12.7, ,    -3.8, ,    -0.2, ,     0.4, ,    -2.0, ,   -11.5, ,   -19.3, ,   -23.3, ,   -15.2, ,   -26.6, ,   -22.0, ,    -1.2, ,   -10.9, 
 1965,   -27.9, ,   -26.5, ,   -25.6, ,   -20.8, ,    -4.6, ,    -3.4, ,     2.3, ,    -1.1, ,    -3.9, ,   -12.1, ,   -16.8, ,   -24.0, ,   -13.7, ,   -25.9, ,   -17.0, ,    -0.7, ,   -10.9, 
 1966,   -27.5, ,   -24.1, ,   -26.7, ,   -18.7, ,   -12.7, ,    -4.2, ,     0.6, ,     5.9, ,    -3.1, ,    -6.6, ,   -16.5, ,   -23.5, ,   -13.1, ,   -25.2, ,   -19.4, ,     0.8, ,    -8.7, 
 1967,   -24.6, ,   -31.0, ,   -26.0, ,   -22.0, ,    -6.1, ,    -4.4, ,     3.1, ,     0.0, ,    -5.7, ,   -10.9, ,   -20.4, ,   -21.3, ,   -14.1, ,   -26.4, ,   -18.0, ,    -0.4, ,   -12.3, 
 1968,   -28.2, ,   -28.6, ,   -28.2, ,   -15.3, ,   -10.0, ,    -3.1, ,     0.7, ,    -1.3, ,    -2.9, ,    -6.3, ,   -15.2, ,   -21.9, ,   -13.4, ,   -26.0, ,   -17.8, ,    -1.2, ,    -8.1, 
 1969,   -21.0, ,   -19.1, ,   -28.0, ,   -23.2, ,    -9.8, ,    -3.8, ,     2.0, ,     2.4, ,    -5.5, ,    -9.6, ,   -17.3, ,   -21.5, ,   -12.9, ,   -20.7, ,   -20.3, ,     0.2, ,   -10.8, 
 1970,   -29.3, ,   -26.8, ,   -25.7, ,   -22.1, ,   -14.7, ,    -4.8, ,    -1.5, ,    -1.2, ,    -4.8, ,    -8.1, ,   -16.0, ,   -25.9, ,   -15.1, ,   -25.9, ,   -20.8, ,    -2.5, ,    -9.6, 
 1971,   -27.5, ,   -30.2, ,   -22.7, ,   -21.2, ,   -12.0, ,    -3.1, ,     2.7, ,    -0.3, ,    -4.5, ,   -10.1, ,   -19.0, ,   -29.6, ,   -14.8, ,   -27.9, ,   -18.6, ,    -0.2, ,   -11.2, 
 1972,   -32.6, ,   -30.7, ,   -29.4, ,   -20.1, ,   -12.1, ,    -7.6, ,    -1.6, ,    -2.2, ,    -5.8, ,   -13.2, ,   -20.6, ,   -28.5, ,   -17.0, ,   -31.0, ,   -20.5, ,    -3.8, ,   -13.2, 
 1973,   -26.6, ,   -31.5, ,   -27.4, ,   -21.5, ,   -11.7, ,    -5.3, ,    -0.9, ,     1.5, ,    -4.2, ,    -8.4, ,   -12.6, ,   -23.7, ,   -14.4, ,   -28.9, ,   -20.2, ,    -1.6, ,    -8.4, 
 1974,   -28.2, ,   -27.0, ,   -28.0, ,   -21.8, ,    -9.5, ,    -1.8, ,     2.6, ,     1.3, ,    -4.8, ,    -9.4, ,   -18.7, ,   -28.8, ,   -14.5, ,   -26.3, ,   -19.8, ,     0.7, ,   -11.0, 
 1975,   -31.0, ,   -27.8, ,   -29.5, ,   -21.2, ,    -9.6, ,     0.6, ,     2.5, ,     2.5, ,    -4.7, ,    -8.8, ,   -19.4, ,   -25.6, ,   -14.3, ,   -29.2, ,   -20.1, ,     1.9, ,   -11.0, 
 1976,   -26.0, ,   -30.0, ,   -26.9, ,   -19.6, ,   -10.7, ,    -3.3, ,    -0.1, ,    -2.0, ,    -3.9, ,   -11.1, ,   -19.3, ,   -22.2, ,   -14.6, ,   -27.2, ,   -19.1, ,    -1.8, ,   -11.4, 
 1977,   -18.4, ,   -26.9, ,   -22.8, ,   -17.8, ,   -10.4, ,    -3.3, ,     2.0, ,     1.2, ,    -5.2, ,   -11.4, ,   -16.9, ,   -27.6, ,   -13.1, ,   -22.5, ,   -17.0, ,     0.0, ,   -11.2, 
 1978,   -27.9, ,   -25.0, ,   -29.7, ,   -21.5, ,   -11.4, ,    -5.9, ,    -0.1, ,     0.0, ,    -6.1, ,   -13.1, ,   -23.3, ,   -17.5, ,   -15.1, ,   -26.8, ,   -20.9, ,    -2.0, ,   -14.2, 
 1979,   -22.5, ,   -33.8, ,   -25.1, ,   -16.6, ,   -11.4, ,    -4.6, ,     0.8, ,    -0.1, ,    -4.6, ,    -9.8, ,   -19.1, ,   -25.4, ,   -14.4, ,   -24.6, ,   -17.7, ,    -1.3, ,   -11.2, 
 1980,   -21.0, ,   -24.6, ,   -23.0, ,   -21.5, ,    -7.7, ,    -3.6, ,     3.0, ,     2.5, ,    -3.6, ,    -9.6, ,   -15.8, ,   -24.8, ,   -12.5, ,   -23.7, ,   -17.4, ,     0.6, ,    -9.7, 
 1981,   -25.5, ,   -29.4, ,   -20.8, ,   -19.8, ,   -12.0, ,    -3.1, ,     1.1, ,     1.0, ,    -3.3, ,    -9.6, ,   -14.8, ,   -21.0, ,   -13.1, ,   -26.6, ,   -17.5, ,    -0.3, ,    -9.2, 
 1982,   -23.8, ,   -29.4, ,   -28.3, ,   -21.8, ,   -12.4, ,    -0.6, ,     1.6, ,    -1.2, ,    -5.6, ,   -10.2, ,   -18.0, ,   -27.6, ,   -14.8, ,   -24.7, ,   -20.8, ,    -0.1, ,   -11.3, 
 1983,   -35.6, ,   -32.9, ,   -29.3, ,   -21.7, ,   -13.6, ,    -3.7, ,    -1.1, ,    -2.6, ,    -5.0, ,   -11.2, ,   -21.5, ,   -26.5, ,   -17.1, ,   -32.0, ,   -21.5, ,    -2.5, ,   -12.6, 
 1984,   -34.5, ,   -37.3, ,   -30.8, ,   -24.9, ,   -12.9, ,    -2.9, ,     4.3, ,    -0.7, ,    -4.6, ,    -9.2, ,   -16.6, ,   -28.2, ,   -16.5, ,   -32.8, ,   -22.9, ,     0.2, ,   -10.1, 
 1985,   -25.4, ,   -28.2, ,   -27.9, ,   -21.5, ,   -10.1, ,    -0.4, ,     2.1, ,     2.4, ,    -1.7, ,    -8.7, ,   -15.9, ,   -19.1, ,   -12.9, ,   -27.3, ,   -19.8, ,     1.4, ,    -8.8, 
 1986,   -27.0, ,   -21.4, ,   -29.3, ,   -20.1, ,   -10.3, ,    -5.5, ,     1.5, ,     0.9, ,    -4.7, ,   -14.4, ,   -23.3, ,   -27.2, ,   -15.1, ,   -22.5, ,   -19.9, ,    -1.0, ,   -14.1, 
 1987,   -28.7, ,   -31.4, ,   -27.3, ,   -23.7, ,   -13.7, ,    -3.5, ,     1.9, ,     2.8, , -9999.9,M,   -10.1, ,   -18.5, ,   -22.4, , -9999.9,M,   -29.1, ,   -21.6, ,     0.4, , -9999.9,M
 1988,   -28.8, ,   -24.3, ,   -24.4, ,   -17.8, ,    -9.8, ,    -3.3, ,     0.8, ,     0.6, ,    -4.0, ,    -7.2, ,   -16.0, ,   -25.6, ,   -13.3, ,   -25.2, ,   -17.3, ,    -0.6, ,    -9.1, 
 1989,   -31.2, ,   -32.4, ,   -29.9, ,   -18.2, ,   -14.7, ,    -3.5, ,     0.9, ,    -0.4, ,    -5.1, ,    -9.7, ,   -16.2, ,   -23.9, ,   -15.4, ,   -29.7, ,   -20.9, ,    -1.0, ,   -10.3, 
 1990,   -28.3, ,   -31.0, ,   -27.1, ,   -21.8, ,   -10.1, ,    -1.6, ,     3.9, ,    -0.1, ,    -4.6, ,   -11.9, ,   -20.8, ,   -27.5, ,   -15.1, ,   -27.7, ,   -19.7, ,     0.7, ,   -12.4, 
 1991,   -30.2, ,   -28.7, ,   -25.7, ,   -21.7, ,   -13.2, ,     0.1, , -9999.9,M, -9999.9,M, -9999.9,M, -9999.9,M, -9999.9,M, -9999.9,M, -9999.9,M,   -28.8, ,   -20.2, , -9999.9,M, -9999.9,M
 1992, -9999.9,M, -9999.9,M, -9999.9,M, -9999.9,M, -9999.9,M, -9999.9,M, -9999.9,M, -9999.9,M, -9999.9,M, -9999.9,M, -9999.9,M, -9999.9,M, -9999.9,M, -9999.9,M, -9999.9,M, -9999.9,M, -9999.9,M
 1993, -9999.9,M, -9999.9,M, -9999.9,M, -9999.9,M, -9999.9,M, -9999.9,M, -9999.9,M, -9999.9,M, -9999.9,M, -9999.9,M, -9999.9,M, -9999.9,M, -9999.9,M, -9999.9,M, -9999.9,M, -9999.9,M, -9999.9,M
 1994, -9999.9,M, -9999.9,M, -9999.9,M, -9999.9,M,    -2.9,E,    -1.1,E, -9999.9,M, -9999.9,M, -9999.9,M, -9999.9,M, -9999.9,M,   -23.8,E, -9999.9,M, -9999.9,M, -9999.9,M, -9999.9,M, -9999.9,M
 1995,   -25.8,E,   -30.8, ,   -28.2, ,   -14.4,E,    -6.7,E,    -2.0, ,     3.0,E,     0.7, ,    -3.2, ,    -9.0, ,   -11.3,E,   -22.8, ,   -12.5,E,   -26.8,E,   -16.4,E,     0.6,E,    -7.8,E
 1996,   -29.1,E,   -25.7,E, -9999.9,M,   -14.3,E,    -9.9, ,    -3.2, ,     1.5, ,     0.5,E,    -3.5, ,    -9.3,E,   -16.8, ,   -17.3,E, -9999.9,M,   -25.9,E, -9999.9,M,    -0.4,E,    -9.9,E
 1997,   -27.3,E,   -30.3, ,   -26.2,E,   -20.2, ,    -8.1,E,    -0.4, ,     1.5,E,     0.4,E,    -4.9,E,    -8.2, ,   -14.4, ,   -22.1, ,   -13.4,E,   -25.0,E,   -18.2,E,     0.5,E,    -9.2,E
 1998,   -26.9,E,   -30.5,E,   -26.3,E,   -16.7, ,    -8.1,E,     0.9, ,     3.8, ,     1.8, ,    -1.0,E,    -7.7,E,   -13.3, ,   -20.1, ,   -12.0,E,   -26.5,E,   -17.0,E,     2.2, ,    -7.3,E
 1999,   -27.8,E,   -28.3,E,   -21.5,E,   -15.0, ,   -13.9,E,    -4.3,E,     2.2,E,     0.8, ,    -2.9, ,   -10.7,E, -9999.9,M,   -23.4, , -9999.9,M,   -25.4,E,   -16.8,E,    -0.4,E, -9999.9,M
 2000,   -28.9, ,   -27.3, ,   -23.7, ,   -15.5,E,    -9.7, ,    -2.7, ,     2.3, ,     2.0, ,    -2.9, ,    -9.8, ,   -13.9, , -9999.9,M, -9999.9,M,   -26.5, ,   -16.3,E,     0.5, ,    -8.9, 
 2001, -9999.9,M,   -28.2, , -9999.9,M,   -18.5, ,    -8.3, ,    -3.3, ,     5.9, ,     2.8, ,    -2.1, ,    -7.5, ,   -16.3, ,   -19.6, , -9999.9,M, -9999.9,M, -9999.9,M,     1.8, ,    -8.6, 
 2002,   -25.3, ,   -30.7, ,   -27.4, ,   -21.6, ,   -10.5, ,    -2.2, ,     2.0, ,     2.3, ,    -2.7, ,    -6.5, ,   -13.7, ,   -19.0, ,   -12.9, ,   -25.2, ,   -19.8, ,     0.7, ,    -7.6, 
 2003,   -22.3, ,   -29.4, ,   -23.9, ,   -19.7, ,    -7.4, ,    -1.3, ,     4.4, , -9999.9,M, -9999.9,M, -9999.9,M,   -14.2, ,   -19.7, , -9999.9,M,   -23.6, ,   -17.0, , -9999.9,M, -9999.9,M
 2004,   -26.8, ,   -25.6, ,   -30.6, ,   -19.8, ,    -8.2, ,    -1.3, ,     1.7, ,     2.3, ,    -2.6, ,    -6.4, ,   -14.5, ,   -26.4, ,   -13.2, ,   -24.0, ,   -19.5, ,     0.9, ,    -7.8, 
 2005,   -28.8, ,   -25.8, ,   -21.3, ,   -17.9, ,    -7.6, ,    -2.0, ,     3.0, ,     1.6, ,    -3.6, ,    -6.8, ,   -12.6, ,   -22.0, ,   -12.0, ,   -27.0, ,   -15.6, ,     0.9, ,    -7.7, 
 2006,   -27.6, ,   -25.4, ,   -21.7, ,   -19.6, , -9999.9,M, -9999.9,M,     4.1, , -9999.9,M,    -1.8, ,    -5.0, ,   -14.3, ,   -22.8, , -9999.9,M,   -25.0, , -9999.9,M, -9999.9,M,    -7.0, 
 2007,   -25.3, ,   -22.1, ,   -25.8, ,   -17.6, ,   -12.1, ,    -2.7, ,     1.5, ,     3.4, ,    -3.8, ,    -8.7,E,   -16.8, ,   -24.1, ,   -12.8,E,   -23.4, ,   -18.5, ,     0.7, ,    -9.8,E
 2008,   -25.5, ,   -29.6, ,   -26.1, ,   -16.8,E,    -7.5, ,     0.9, ,     4.5, ,     2.9, ,    -3.3, ,    -9.1, ,   -16.9,E,   -24.7, ,   -12.6,E,   -26.4, ,   -16.8,E,     2.8, ,    -9.8,E
 2009,   -24.4,E,   -25.3,E,   -24.0,E,   -18.3, ,    -9.5,E,    -1.7,E,     6.4, ,     4.0, ,    -3.9, , -9999.9,M, -9999.9,M,   -16.9,E, -9999.9,M,   -24.8,E,   -17.3,E,     2.9,E, -9999.9,M
 2010,   -23.6,E,   -18.9, ,   -21.6, ,   -13.4,E,    -6.0,E,    -0.9,E,     4.1,E,     5.3,E,    -1.6, ,    -7.1, ,    -9.2, ,   -14.5, ,    -9.0,E,   -19.8,E,   -13.7,E,     2.8,E,    -6.0, 
 2011,   -20.4, ,   -28.8, ,   -25.4, ,   -23.0, ,   -11.7,E,    -0.9, ,     3.2, ,     2.3, ,    -3.3, ,    -8.6, ,   -14.2, ,   -22.2, ,   -12.8,E,   -21.2, ,   -20.0,E,     1.5, ,    -8.7, 
 2012,   -27.4,E,   -26.1, ,   -27.6, ,   -18.5, ,    -8.4,E,     3.1, ,     4.6,E,     2.9, ,    -1.0, ,    -7.0, ,   -14.0,E,   -20.1,E,   -11.6,E,   -25.2,E,   -18.2,E,     3.5,E,    -7.3,E
 2013,   -24.4, ,   -24.1,E,   -17.5,E,   -16.4, ,   -12.8, ,    -1.6,E,     2.8,E,     1.6,E,    -4.0, ,    -7.7,E,   -17.6,E,   -25.8,E,   -12.3,E,   -22.9,E,   -15.6,E,     0.9,E,    -9.8,E
 2014,   -24.2,E,   -25.1, ,   -25.3, ,   -19.5, ,    -8.5, ,    -2.1, ,     4.9,E,     3.7,E,    -3.6,E,    -8.4,E,   -13.1, ,   -23.0,E,   -12.0,E,   -25.0,E,   -17.8, ,     2.2,E,    -8.4,E
 2015,   -29.0,E,   -30.6,E,   -25.0, ,   -21.4, ,   -11.4, ,    -3.5,E,     4.4,E,     0.4,E,    -3.0,E,    -9.6,E,   -15.9, ,   -25.7, ,   -14.2,E,   -27.5,E,   -19.3, ,     0.4,E,    -9.5,E
 2016,   -22.9,E,   -26.8,E, -9999.9,M,   -15.4, ,    -7.3,E,    -2.5,E,     3.8,E,     4.5,E,    -1.9,E,    -8.9,E,   -12.8, ,   -22.8,E, -9999.9,M,   -25.1,E, -9999.9,M,     1.9,E,    -7.9,E
 2017,   -23.3, ,   -25.7, ,   -25.8,E,   -16.8, ,    -8.5,E,    -2.3,E,     1.6,E,     2.5, ,    -4.3,E,    -8.2,E,   -14.1, ,   -21.0, ,   -12.2,E,   -23.9,E,   -17.0,E,     0.6,E,    -8.9,E
