1092970,FORT ST JAMES  ,BC, station not joined, Monthly mean of homogenized daily maximum temperature                  , Deg Celcius,          Updated to December 2017
1092970,FORT ST JAMES  ,BC, station non jointe, Moyenne mensuelle des temperatures quotidiennes maximales homogeneisees, Deg Celsius, Mise a jour jusqu a decembre 2017
 Year,     Jan, ,     Feb, ,     Mar, ,     Apr, ,     May, ,     Jun, ,     Jul, ,     Aug, ,     Sep, ,     Oct, ,     Nov, ,     Dec, ,  Annual, ,  Winter, ,  Spring, ,  Summer, ,  Autumn
Annee,    Janv, ,     Fev, ,    Mars, ,     Avr, ,     Mai, ,    Juin, ,    Juil, ,    Aout, ,    Sept, ,     Oct, ,     Nov, ,     Dec, ,  Annuel, ,   Hiver, ,Printemp, ,     Ete, , Automne
 1895,   -11.2, ,    -4.2, ,     2.8, ,     9.3, ,    14.5, ,    19.9, ,    21.6, ,    19.0, ,    11.1, ,     9.9, ,     2.5, ,    -4.2, ,     7.6, , -9999.9,M,     8.9, ,    20.2, ,     7.8, 
 1896,   -11.6, ,     0.6, ,    -0.3, ,     6.2, ,    14.2, ,    18.5, ,    23.7, ,    21.8, ,    15.3, ,     7.6, ,   -11.6, ,    -1.5, ,     6.9, ,    -5.1, ,     6.7, ,    21.3, ,     3.8, 
 1897,    -6.4, ,    -3.2, ,    -2.5, ,    10.2, ,    16.0, ,    21.5, ,    20.1, ,    23.0, ,    14.7, ,    10.3, ,    -7.1, ,    -3.6, ,     7.8, ,    -3.7, ,     7.9, ,    21.5, ,     6.0, 
 1898,    -3.4, ,    -4.7, ,    -0.2, ,    13.9, ,    19.6, ,    21.0, ,    21.7, ,    24.7, ,    16.5, ,     8.2, ,    -0.4, ,    -4.5, ,     9.4, ,    -3.9, ,    11.1, ,    22.5, ,     8.1, 
 1899,    -3.7, ,     0.6, ,    -2.3, ,     7.4, ,    11.7, ,    18.4, ,    25.5, ,    19.9, ,    12.7, ,     3.0, ,     2.8, ,    -7.3, ,     7.4, ,    -2.5, ,     5.6, ,    21.3, ,     6.2, 
 1900,    -7.4, ,    -9.9, ,    -4.9, ,     6.1, ,    11.2, ,    15.3, ,    18.0, ,    15.4, ,    12.8, ,     4.4, ,    -2.3, ,    -1.1, ,     4.8, ,    -8.2, ,     4.1, ,    16.2, ,     5.0, 
 1901,    -7.3, ,    -2.5, ,     5.3, ,     5.6, ,    11.6, ,    13.9, ,    16.5, ,    19.0, ,    13.6, ,    11.0, ,     2.5, ,    -1.6, ,     7.3, ,    -3.6, ,     7.5, ,    16.5, ,     9.0, 
 1902,    -5.9, ,    -2.9, ,    -1.0, ,     7.0, ,    12.2, ,    15.6, ,    19.5, ,    20.3, ,    16.9, ,    16.5, ,     4.0, ,    -5.3, ,     8.1, ,    -3.5, ,     6.1, ,    18.5, ,    12.5, 
 1903,    -1.0, ,     0.2, ,    -1.6, ,     8.6, ,    14.5, ,    21.2, ,    21.6, ,    19.4, ,    13.4, ,    10.5, ,     2.4, ,     0.8, ,     9.2, ,    -2.0, ,     7.2, ,    20.7, ,     8.8, 
 1904,    -2.0, ,    -6.9, ,    -0.2, ,    13.9, ,    14.6, ,    18.9, ,    23.0, ,    22.4, ,    17.0, ,    12.0, ,    10.0, ,     0.4, ,    10.3, ,    -2.7, ,     9.4, ,    21.4, ,    13.0, 
 1905,    -7.5, ,    -5.0, ,     7.6, ,     9.3, ,    17.5, ,    21.7, ,    24.5, ,    20.1, ,    15.6, ,     7.0, ,     3.4, ,     0.0, ,     9.5, ,    -4.0, ,    11.5, ,    22.1, ,     8.7, 
 1906,    -5.6, ,    -2.6, ,     2.4, ,    10.8, ,    16.5, ,    19.7, ,    26.5, ,    22.3, ,    14.3, ,    10.4, ,     2.9, ,    -7.2, ,     9.2, ,    -2.7, ,     9.9, ,    22.8, ,     9.2, 
 1907,   -17.9, ,    -2.6, ,     0.5, ,     8.1, ,    16.8, ,    19.5, ,    23.4, ,    19.6, ,    16.3, ,    11.7, ,     4.9, ,    -1.8, ,     8.2, ,    -9.2, ,     8.5, ,    20.8, ,    11.0, 
 1908,    -3.9, ,    -3.9, ,     0.7, ,     7.7, ,    13.6, ,    17.9, ,    20.6, ,    19.1, ,    13.7, ,     7.7, ,     1.8, ,    -4.2, ,     7.6, ,    -3.2, ,     7.3, ,    19.2, ,     7.7, 
 1909,   -15.8, ,    -7.1, ,     4.4, ,     7.1, ,    14.6, ,    19.4, ,    20.7, ,    17.7, ,    15.9, ,     9.8, ,    -0.4, ,    -6.9, ,     6.6, ,    -9.0, ,     8.7, ,    19.3, ,     8.4, 
 1910,    -2.8, ,    -4.8, ,     6.2, ,     9.9, ,    15.3, ,    16.5, , -9999.9,M,    19.3, ,    15.2, ,     9.6, ,     1.9, ,     0.0, , -9999.9,M,    -4.8, ,    10.5, , -9999.9,M,     8.9, 
 1911,   -11.2, ,    -5.9, ,     3.9, ,     5.9, ,    14.1, ,    17.0, ,    20.5, ,    19.8, ,    15.5, ,     8.9, ,    -1.2, ,    -1.2, ,     7.2, ,    -5.7, ,     8.0, ,    19.1, ,     7.7, 
 1912,   -10.8, ,     0.0, ,    -1.4, ,     8.0, ,    17.4, ,    19.1, ,    21.0, ,    19.5, ,    15.4, ,     8.4, ,     1.9, ,    -0.2, ,     8.2, ,    -4.0, ,     8.0, ,    19.9, ,     8.6, 
 1913,   -10.9, ,    -4.8, ,    -0.2, ,     8.8, ,    12.1, ,    19.2, ,    19.8, ,    20.5, ,    14.6, ,     7.8, ,     2.4, ,    -0.7, ,     7.4, ,    -5.3, ,     6.9, ,    19.8, ,     8.3, 
 1914,    -7.5, ,    -2.1, ,     1.3, ,     8.3, ,    14.9, ,    21.2, ,    21.4, ,    24.7, ,    16.6, ,    13.7, ,     4.0, ,    -8.4, ,     9.0, ,    -3.4, ,     8.2, ,    22.4, ,    11.4, 
 1915,    -4.5, ,     0.4, ,     8.4, ,    14.3, ,    20.8, ,    23.9, ,    25.4, ,    27.9, ,    19.0, ,    10.0, ,     0.7, ,    -1.5, ,    12.1, ,    -4.2, ,    14.5, ,    25.7, ,     9.9, 
 1916,   -19.7, ,    -4.3, ,     3.1, ,     9.4, ,    18.1, ,    21.2, ,    19.8, ,    23.1, ,    17.7, ,    11.6, ,     0.0, ,    -6.7, ,     7.8, ,    -8.5, ,    10.2, ,    21.4, ,     9.8, 
 1917,    -7.8, ,    -7.9, ,     1.0, ,     9.4, ,    15.1, ,    18.4, ,    20.9, ,    21.4, ,    17.2, ,     8.3, ,     7.5, ,   -12.4, ,     7.6, ,    -7.5, ,     8.5, ,    20.2, ,    11.0, 
 1918,    -3.6, ,    -3.7, ,     1.1, ,     9.3, ,    13.5, ,    18.6, ,    21.9, ,    19.9, ,    18.9, ,     8.5, ,     2.7, ,    -2.4, ,     8.7, ,    -6.6, ,     8.0, ,    20.1, ,    10.0, 
 1919,    -0.7, ,    -7.3, ,    -3.2, ,    10.6, ,    14.3, ,    17.0, ,    21.8, ,    21.5, ,    17.9, ,     6.4, ,    -2.6, ,    -6.3, ,     7.5, ,    -3.5, ,     7.2, ,    20.1, ,     7.2, 
 1920,    -9.6, ,    -1.1, ,     2.7, ,     5.8, ,    11.7, ,    17.0, ,    24.8, ,    20.9, ,    14.6, ,     6.5, ,     1.9, ,    -3.2, ,     7.7, ,    -5.7, ,     6.7, ,    20.9, ,     7.7, 
 1921,    -6.5, ,    -1.0, ,     0.6, ,     8.9, ,    13.5, ,    18.8, ,    20.6, ,    20.6, ,    14.6, ,    10.3, ,    -1.5, ,    -6.8, ,     7.7, ,    -3.6, ,     7.7, ,    20.0, ,     7.8, 
 1922,    -6.2, ,   -12.7, ,     2.1, ,     8.7, ,    14.4, ,    22.0, ,    23.2, ,    23.5, ,    16.8, ,    10.5, ,     3.3, ,    -7.5, ,     8.2, ,    -8.6, ,     8.4, ,    22.9, ,    10.2, 
 1923,    -8.6, ,    -1.3, ,     3.8, ,    11.1, ,    15.2, ,    22.3, ,    23.2, ,    22.9, ,    17.8, ,    13.0, ,     5.0, ,    -1.6, ,    10.2, ,    -5.8, ,    10.0, ,    22.8, ,    11.9, 
 1924,    -5.7, ,     0.6, ,     3.9, ,     9.4, ,    18.9, ,    21.0, ,    23.4, ,    21.8, ,    15.9, ,    10.2, ,    -0.8, ,   -11.2, ,     9.0, ,    -2.2, ,    10.7, ,    22.1, ,     8.4, 
 1925,    -4.9, ,    -5.0, ,     2.5, ,    10.0, ,    19.0, ,    21.3, ,    23.7, ,    20.6, ,    14.3, ,     8.6, ,     2.8, ,     0.8, ,     9.5, ,    -7.0, ,    10.5, ,    21.9, ,     8.6, 
 1926,     0.3, ,     2.6, ,     6.8, ,    11.7, ,    16.6, ,    18.6, ,    23.2, ,    20.1, ,    13.9, ,     9.4, ,     1.0, ,    -2.8, ,    10.1, ,     1.2, ,    11.7, ,    20.6, ,     8.1, 
 1927,    -7.6, ,    -4.2, ,     4.6, ,     8.4, ,    14.2, ,    20.4, ,    23.5, ,    26.0, ,    17.2, ,     9.0, ,    -3.2, ,   -11.6, ,     8.1, ,    -4.9, ,     9.1, ,    23.3, ,     7.7, 
 1928,    -6.3, ,    -0.8, ,     4.7, ,     8.6, ,    17.4, ,    23.0, ,    23.2, ,    21.4, ,    18.5, ,     8.9, ,     3.9, ,    -3.0, ,    10.0, ,    -6.2, ,    10.2, ,    22.5, ,    10.4, 
 1929,    -7.7, ,    -6.0, ,     6.6, ,     7.9, ,    16.2, ,    18.8, ,    19.9, ,    20.6, ,    19.2, ,    12.2, ,     5.1, ,    -5.9, ,     8.9, ,    -5.6, ,    10.2, ,    19.8, ,    12.2, 
 1930,   -16.7, ,     1.2, ,     3.8, ,    12.4, ,    15.2, ,    18.4, ,    22.6, ,    24.4, ,    18.1, ,     7.3, ,     4.1, ,     1.9, ,     9.4, ,    -7.1, ,    10.5, ,    21.8, ,     9.8, 
 1931,    -0.3, ,     2.2, ,     1.9, ,    12.8, ,    17.1, ,    20.3, ,    23.5, ,    22.9, ,    16.7, ,    11.6, ,    -1.3, ,    -3.5, ,    10.3, ,     1.3, ,    10.6, ,    22.2, ,     9.0, 
 1932,    -5.4, ,    -3.4, ,     1.1, ,    10.6, ,    17.2, ,    20.6, ,    20.6, ,    22.8, ,    16.2, ,    10.0, ,     1.7, ,    -6.7, ,     8.8, ,    -4.1, ,     9.6, ,    21.3, ,     9.3, 
 1933,    -5.0, ,    -4.5, ,     0.8, ,     9.4, ,    15.5, ,    17.5, ,    20.9, ,    24.4, ,    16.0, ,     8.3, ,     5.7, ,   -14.4, ,     7.9, ,    -5.4, ,     8.6, ,    20.9, ,    10.0, 
 1934,    -1.1, ,     0.7, ,     3.3, ,    13.5, ,    17.3, ,    20.1, ,    21.5, ,    22.3, ,    13.9, ,     9.3, ,     1.9, ,    -6.1, ,     9.7, ,    -4.9, ,    11.4, ,    21.3, ,     8.4, 
 1935,   -11.1, ,     0.7, ,    -0.3, ,     7.1, ,    16.0, ,    18.6, ,    22.9, ,    20.8, ,    17.1, ,     7.7, ,    -0.6, ,    -0.8, ,     8.2, ,    -5.5, ,     7.6, ,    20.8, ,     8.1, 
 1936,    -8.7, ,   -18.6, ,     2.0, ,     9.4, ,    17.7, ,    21.3, ,    21.5, ,    22.3, ,    14.2, ,    11.3, ,     3.5, ,    -5.4, ,     7.5, ,    -9.4, ,     9.7, ,    21.7, ,     9.7, 
 1937,   -15.0, ,    -7.1, ,     5.6, ,     9.4, ,    16.0, ,    20.7, ,    21.9, ,    18.5, ,    18.0, ,    10.5, ,    -1.1, ,    -5.4, ,     7.7, ,    -9.2, ,    10.3, ,    20.4, ,     9.1, 
 1938,    -3.7, ,    -6.6, ,     4.2, ,    10.2, ,    16.4, ,    19.9, ,    22.8, ,    20.3, ,    20.5, ,    10.8, ,     2.2, ,    -4.9, ,     9.3, ,    -5.2, ,    10.3, ,    21.0, ,    11.2, 
 1939,    -2.1, ,    -6.8, ,     2.8, ,    10.5, ,    16.7, ,    20.4, ,    21.5, ,    22.8, ,    16.5, ,     9.4, ,     6.3, ,     0.7, ,     9.9, ,    -4.6, ,    10.0, ,    21.6, ,    10.7, 
 1940,    -7.0, ,    -3.3, ,     6.5, ,    11.3, ,    18.7, ,    21.8, ,    22.7, ,    21.9, ,    18.5, ,    12.3, ,    -2.8, ,    -2.9, ,     9.8, ,    -3.2, ,    12.2, ,    22.1, ,     9.3, 
 1941,    -3.8, ,    -2.6, ,     6.0, ,    13.6, ,    14.1, ,    20.4, ,    24.3, ,    21.6, ,    13.5, ,     9.8, ,     4.0, ,    -4.7, ,     9.7, ,    -3.1, ,    11.2, ,    22.1, ,     9.1, 
 1942,    -3.5, ,    -1.1, ,     3.9, ,    10.5, ,    17.9, ,    19.8, ,    23.9, ,    22.0, ,    16.5, ,     9.5, ,    -2.9, ,    -4.9, ,     9.3, ,    -3.1, ,    10.8, ,    21.9, ,     7.7, 
 1943,    -8.3, ,     1.1, ,     0.8, ,    11.4, ,    13.1, ,    19.2, ,    20.2, ,    18.9, ,    16.9, ,     8.4, ,     3.3, ,    -0.5, ,     8.7, ,    -4.0, ,     8.4, ,    19.4, ,     9.5, 
 1944,    -2.0, ,    -2.4, ,     1.8, ,    11.7, ,    15.6, ,    20.2, ,    21.7, ,    20.0, ,    16.2, ,    10.9, ,     0.6, ,    -8.0, ,     8.9, ,    -1.6, ,     9.7, ,    20.6, ,     9.2, 
 1945,    -4.8, ,    -1.6, ,     4.1, ,     5.9, ,    16.5, ,    17.7, ,    21.0, ,    22.2, ,    14.6, ,     9.4, ,    -4.3, ,    -5.1, ,     8.0, ,    -4.8, ,     8.8, ,    20.3, ,     6.6, 
 1946,    -3.8, ,    -1.9, ,     5.8, ,     9.6, ,    20.2, ,    20.5, ,    20.9, ,    22.7, ,    17.3, ,     8.3, ,    -2.4, ,    -5.1, ,     9.3, ,    -3.6, ,    11.9, ,    21.4, ,     7.7, 
 1947,    -6.1, ,    -2.4, ,     3.7, ,     9.8, ,    16.6, ,    18.3, ,    20.0, ,    19.0, ,    16.5, ,     9.9, ,     1.3, ,    -2.5, ,     8.7, ,    -4.5, ,    10.0, ,    19.1, ,     9.2, 
 1948,    -3.2, ,    -7.6, ,     1.4, ,     5.5, ,    18.0, ,    23.5, ,    20.4, ,    20.1, ,    15.2, ,     9.1, ,     1.8, ,    -8.7, ,     8.0, ,    -4.4, ,     8.3, ,    21.3, ,     8.7, 
 1949,    -9.7, ,    -9.2, ,     3.3, ,    10.0, ,    17.6, ,    18.5, ,    20.9, ,    19.8, ,    17.5, ,     8.1, ,     5.8, ,    -9.6, ,     7.8, ,    -9.2, ,    10.3, ,    19.7, ,    10.5, 
 1950,   -21.7, ,    -1.4, ,     2.4, ,     7.1, ,    14.4, ,    25.4, ,    22.6, ,    20.5, ,    18.3, ,     7.6, ,    -5.9, ,    -4.1, ,     7.1, ,   -10.9, ,     8.0, ,    22.8, ,     6.7, 
 1951,   -11.0, ,    -6.6, ,    -1.8, ,    10.7, ,    16.4, ,    20.8, ,    24.4, ,    21.9, ,    17.4, ,     5.7, ,    -0.1, ,   -10.7, ,     7.3, ,    -7.2, ,     8.4, ,    22.4, ,     7.7, 
 1952,   -11.1, ,    -3.0, ,     2.1, ,     8.1, ,    15.2, ,    17.8, , -9999.9,M,    22.2, ,    17.0, ,    12.3, ,     1.4, ,    -2.9, , -9999.9,M,    -8.3, ,     8.5, , -9999.9,M,    10.2, 
 1953,   -13.4, ,     0.1, ,     3.2, ,     5.9, ,    16.1, ,    18.2, ,    20.9, , -9999.9,M, -9999.9,M,    10.9, ,     4.5, ,    -0.1, , -9999.9,M,    -5.4, ,     8.4, , -9999.9,M, -9999.9,M
 1954,   -13.2, ,    -1.4, ,     1.3, ,     2.6, ,    14.8, ,    17.0, ,    18.3, ,    19.0, ,    14.9, ,     8.3, ,     5.7, ,    -2.0, ,     7.1, ,    -4.9, ,     6.2, ,    18.1, ,     9.6, 
 1955,    -3.8, ,    -2.4, ,    -1.8, ,     8.0, ,    12.5, ,    18.9, ,    21.0, ,    18.0, ,    15.0, ,     7.5, ,    -8.5, ,   -13.4, ,     5.9, ,    -2.7, ,     6.2, ,    19.3, ,     4.7, 
 1956,   -13.0, ,    -7.9, ,     1.9, ,     8.4, ,    17.7, ,    16.5, ,    22.0, ,    20.8, ,    14.9, ,     6.7, ,     1.4, ,    -4.8, ,     7.1, ,   -11.4, ,     9.3, ,    19.8, ,     7.7, 
 1957,   -16.0, ,    -7.1, ,     3.4, ,     8.5, ,    17.0, ,    18.5, ,    18.0, ,    18.2, ,    17.8, ,     6.2, ,     2.7, ,    -2.1, ,     7.1, ,    -9.3, ,     9.6, ,    18.2, ,     8.9, 
 1958,    -0.8, ,    -4.4, ,     1.6, ,     9.7, ,    18.3, ,    22.9, ,    24.7, ,    19.9, ,    12.8, ,    10.3, ,    -0.8, ,    -4.7, ,     9.1, ,    -2.4, ,     9.9, ,    22.5, ,     7.4, 
 1959,   -10.8, ,    -5.2, ,     5.7, ,     8.8, ,    13.7, ,    17.9, ,    20.8, ,    15.8, ,    12.8, ,     7.0, ,    -2.1, ,     0.1, ,     7.0, ,    -6.9, ,     9.4, ,    18.2, ,     5.9, 
 1960,    -7.8, ,    -0.8, ,     2.1, ,    10.1, ,    12.9, ,    17.1, ,    22.5, ,    18.2, ,    14.7, ,     9.1, ,     0.8, ,    -4.6, ,     7.9, ,    -2.8, ,     8.4, ,    19.3, ,     8.2, 
 1961,    -4.3, ,    -0.3, ,     4.7, ,     9.5, ,    15.8, ,    20.9, ,    23.9, ,    24.0, ,    13.6, ,     8.7, ,    -1.5, ,    -7.0, ,     9.0, ,    -3.1, ,    10.0, ,    22.9, ,     6.9, 
 1962,    -6.4, ,    -5.1, ,     0.5, ,    10.1, ,    13.2, ,    17.4, ,    22.5, ,    19.1, ,    15.4, ,     8.9, ,     2.7, ,    -2.3, ,     8.0, ,    -6.2, ,     7.9, ,    19.7, ,     9.0, 
 1963,    -7.4, ,     1.0, ,     2.8, ,     8.6, ,    15.3, ,    17.9, ,    20.0, ,    22.0, ,    16.2, ,    10.7, ,    -1.1, ,    -3.7, ,     8.5, ,    -2.9, ,     8.9, ,    20.0, ,     8.6, 
 1964,    -4.4, ,     3.3, ,     1.4, ,     7.7, ,    13.6, ,    18.6, ,    18.9, ,    17.6, ,    13.8, ,     9.5, ,    -2.0, ,   -12.9, ,     7.1, ,    -1.6, ,     7.6, ,    18.4, ,     7.1, 
 1965,    -7.8, ,    -1.8, ,     0.5, ,     8.9, ,    13.9, ,    18.8, ,    23.1, ,    22.1, ,    15.6, ,     9.6, ,    -1.3, ,    -5.1, ,     8.0, ,    -7.5, ,     7.8, ,    21.3, ,     8.0, 
 1966,   -12.6, ,     0.0, ,     3.9, ,     7.5, ,    14.1, ,    18.5, ,    22.1, ,    19.0, ,    16.2, ,     8.9, ,    -1.9, ,    -4.1, ,     7.6, ,    -5.9, ,     8.5, ,    19.9, ,     7.7, 
 1967,    -7.3, ,     2.1, ,    -0.8, ,     8.2, ,    14.5, ,    22.2, ,    20.4, ,    24.6, ,    18.4, ,     8.4, ,     2.2, ,    -5.4, ,     9.0, ,    -3.1, ,     7.3, ,    22.4, ,     9.7, 
 1968,    -6.2, ,    -2.4, ,     5.4, ,     7.7, ,    15.7, ,    17.3, ,    22.0, ,    19.3, ,    15.2, ,     7.7, ,     2.8, ,   -10.4, ,     7.8, ,    -4.7, ,     9.6, ,    19.5, ,     8.6, 
 1969,   -18.8, ,    -2.3, ,     5.5, ,    10.2, ,    17.3, ,    24.0, ,    22.0, ,    18.3, ,    15.4, ,     9.0, ,     5.1, ,    -0.8, ,     8.7, ,   -10.5, ,    11.0, ,    21.4, ,     9.8, 
 1970,    -9.7, ,     1.1, ,     5.4, ,     9.3, ,    13.6, ,    21.9, ,    21.1, ,    20.6, ,    15.1, ,    10.2, ,    -2.4, ,    -8.7, ,     8.1, ,    -3.1, ,     9.4, ,    21.2, ,     7.6, 
 1971,    -8.6, ,    -2.5, ,     2.1, ,    10.1, ,    15.6, ,    18.5, ,    23.7, ,    22.1, ,    13.4, ,     8.4, ,     2.0, ,   -11.6, ,     7.8, ,    -6.6, ,     9.3, ,    21.4, ,     7.9, 
 1972,   -12.4, ,    -7.2, ,     3.9, ,     6.9, ,    16.8, ,    17.7, ,    20.3, ,    21.4, ,    13.0, ,     8.0, ,     1.3, ,    -7.1, ,     6.9, ,   -10.4, ,     9.2, ,    19.8, ,     7.4, 
 1973,    -6.8, ,    -3.4, ,     4.6, ,     9.1, ,    15.0, ,    17.6, ,    21.9, ,    20.4, ,    15.5, ,     8.0, ,    -6.7, ,    -5.3, ,     7.5, ,    -5.8, ,     9.6, ,    20.0, ,     5.6, 
 1974,   -11.8, ,     1.0, ,     1.8, ,     9.8, ,    13.4, ,    18.6, ,    19.4, ,    22.6, ,    16.3, ,    10.1, ,     0.6, ,     0.0, ,     8.5, ,    -5.4, ,     8.3, ,    20.2, ,     9.0, 
 1975,    -6.2, ,    -8.1, ,     0.8, ,     7.8, ,    14.6, ,    17.5, ,    23.2, ,    17.3, ,    15.6, ,     8.2, ,    -0.7, ,    -3.6, ,     7.2, ,    -4.8, ,     7.7, ,    19.3, ,     7.7, 
 1976,    -3.5, ,    -2.9, ,     1.5, ,     9.9, ,    13.6, ,    16.4, ,    19.2, ,    18.6, ,    15.9, ,     8.6, ,     2.2, ,    -0.1, ,     8.3, ,    -3.3, ,     8.3, ,    18.1, ,     8.9, 
 1977,    -5.2, ,     2.5, ,     4.0, ,    10.8, ,    14.4, ,    19.0, ,    20.6, ,    23.0, ,    13.4, ,     9.1, ,    -0.2, ,   -12.2, ,     8.3, ,    -0.9, ,     9.7, ,    20.9, ,     7.4, 
 1978,    -9.1, ,    -1.3, ,     3.4, ,    10.0, ,    13.8, ,    21.6, ,    24.0, ,    20.1, ,    14.7, ,    11.4, ,    -1.7, ,    -6.3, ,     8.4, ,    -7.5, ,     9.1, ,    21.9, ,     8.1, 
 1979,   -14.2, ,    -9.8, ,     4.9, ,     8.7, ,    12.3, ,    18.3, ,    23.4, ,    24.6, ,    18.5, ,    10.8, ,     1.0, ,    -2.9, ,     8.0, ,   -10.1, ,     8.6, ,    22.1, ,    10.1, 
 1980,   -10.9, ,    -2.1, ,     2.0, ,    12.3, ,    16.3, ,    19.5, ,    20.0, ,    19.2, ,    15.0, ,    10.5, ,     4.0, ,    -4.9, ,     8.4, ,    -5.3, ,    10.2, ,    19.6, ,     9.8, 
 1981,    -1.0, ,    -1.8, ,     6.3, ,     7.5, ,    16.5, ,    17.0, ,    23.3, ,    24.9, ,    16.9, ,     9.3, ,     3.5, ,    -4.9, ,     9.8, ,    -2.6, ,    10.1, ,    21.7, ,     9.9, 
 1982,   -14.0, ,    -6.7, ,     1.8, ,     7.1, ,    13.6, ,    23.3, ,    21.7, ,    19.1, ,    17.2, ,     9.5, ,    -2.2, ,    -5.0, ,     7.1, ,    -8.5, ,     7.5, ,    21.4, ,     8.2, 
 1983,    -3.9, ,     0.8, ,     3.1, ,    10.8, ,    17.5, ,    17.6, ,    19.8, ,    20.5, ,    14.2, ,     9.4, ,     1.3, ,   -11.6, ,     8.3, ,    -2.7, ,    10.5, ,    19.3, ,     8.3, 
 1984,    -2.0, ,     3.6, ,     5.7, ,    10.2, ,    12.7, ,    17.5, ,    21.6, ,    20.7, ,    13.2, ,     5.7, ,    -1.9, ,   -10.1, ,     8.1, ,    -3.3, ,     9.5, ,    19.9, ,     5.7, 
 1985,    -4.0, ,    -2.0, ,     4.3, ,     8.9, ,    16.8, ,    19.5, ,    24.4, ,    21.2, ,    14.5, ,     7.5, ,    -9.8, ,    -4.5, ,     8.1, ,    -5.4, ,    10.0, ,    21.7, ,     4.1, 
 1986,    -0.9, ,    -5.9, ,     6.9, ,     8.2, ,    13.7, ,    19.4, ,    21.1, ,    23.5, ,    14.5, ,    11.8, ,    -0.2, ,    -3.1, ,     9.1, ,    -3.8, ,     9.6, ,    21.3, ,     8.7, 
 1987,    -2.0, ,     1.9, ,     4.0, ,    10.0, ,    15.7, ,    20.6, ,    23.8, ,    20.9, ,    19.0, ,    11.7, ,     3.9, ,    -1.4, ,    10.7, ,    -1.1, ,     9.9, ,    21.8, ,    11.5, 
 1988,    -8.0, ,    -1.7, ,     5.3, ,    10.3, ,    15.1, ,    18.0, ,    20.3, ,    21.7, ,    17.3, ,    11.6, ,     2.5, ,    -3.6, ,     9.1, ,    -3.7, ,    10.2, ,    20.0, ,    10.5, 
 1989,    -3.8, ,    -9.0, ,     0.5, ,    11.2, ,    16.0, ,    22.3, ,    22.9, ,    23.3, ,    19.9, ,    10.4, ,     3.7, ,    -0.7, ,     9.7, ,    -5.5, ,     9.2, ,    22.8, ,    11.3, 
 1990,    -2.9, ,    -2.4, ,     4.9, ,    10.1, ,    16.2, ,    19.0, ,    24.2, ,    24.2, ,    20.3, ,     6.9, ,    -1.1, ,    -6.9, ,     9.4, ,    -2.0, ,    10.4, ,    22.5, ,     8.7, 
 1991,   -10.1, ,     3.3, ,     2.3, ,    11.5, ,    16.5, ,    19.4, ,    21.4, ,    23.5, ,    17.4, ,     7.7, ,     2.4, ,     1.5, ,     9.7, ,    -4.6, ,    10.1, ,    21.4, ,     9.2, 
 1992,     0.0, ,    -0.7, ,     7.3, ,    11.0, ,    15.4, ,    22.4, ,    23.4, ,    23.4, ,    12.8, ,     8.3, ,     1.8, ,    -7.8, ,     9.8, ,     0.3, ,    11.2, ,    23.1, ,     7.6, 
 1993,    -9.9,E,    -1.7, ,     5.4, ,    10.4, ,    18.5, ,    18.4, ,    20.8, ,    21.2, ,    19.2, ,    10.4, ,     1.6, ,    -0.7, ,     9.5,E,    -6.5,E,    11.4, ,    20.1, ,    10.4, 
 1994,    -5.3, ,    -9.4, ,     7.1, ,    10.9, ,    16.4, ,    18.9, ,    23.2, ,    23.9, ,    17.0, ,     8.9, ,     0.5, ,    -4.1, ,     9.0, ,    -5.1, ,    11.5, ,    22.0, ,     8.8, 
 1995,    -6.9, ,    -1.4, ,     3.0, ,     9.9, ,    18.4, ,    21.6, ,    21.1, ,    18.6, ,    19.3,E,     8.5, ,    -0.7, ,    -6.3,E,     8.8,E,    -4.1, ,    10.4, ,    20.4, ,     9.0,E
 1996,   -13.5, ,    -1.5, ,     1.9, ,     8.8,E,    11.7, ,    17.2, ,    21.3, ,    20.0, ,    13.4,E,     7.5, ,    -4.4, ,   -10.8, ,     6.0,E,    -7.1,E,     7.5,E,    19.5, ,     5.5,E
 1997,    -7.7, ,     0.6, ,     1.2, ,     9.6,E,    16.4, ,    18.5, ,    21.4, ,    22.7, ,    17.3, ,     7.9, ,     0.8, ,    -0.2, ,     9.0,E,    -6.0, ,     9.1,E,    20.9, ,     8.7, 
 1998,    -7.7, ,     1.6, ,     3.7, ,    10.2, ,    19.7, ,    22.1, ,    24.4, ,    22.2, ,    17.7, ,     8.8, ,     1.6, ,    -4.1, ,    10.0, ,    -2.1, ,    11.2, ,    22.9, ,     9.4, 
 1999,    -4.5, ,     2.0, ,     5.3, ,    10.1, ,    12.6, ,    17.7, ,    20.1, ,    20.6, ,    15.2, ,    10.0,E,     3.4, ,    -0.2, ,     9.4,E,    -2.2, ,     9.3, ,    19.5, ,     9.5,E
 2000,    -8.7, ,    -4.2, ,     4.5, ,     9.7, ,    14.1, ,    19.1, ,    20.7, ,    19.6, ,    15.4, ,     8.8, ,     2.7, ,    -4.2, ,     8.1, ,    -4.4, ,     9.4, ,    19.8, ,     9.0, 
 2001,    -2.5, ,    -5.3, ,     4.6, ,     9.6, ,    13.1, ,    16.9, ,    20.7, ,    21.6, ,    16.3, ,     8.6, ,     1.2, ,    -4.5, ,     8.4, ,    -4.0, ,     9.1, ,    19.7, ,     8.7, 
 2002,    -2.9, ,     0.4, ,    -1.8, ,     7.2, ,    12.5, ,    19.4, ,    19.8, ,    20.6, ,    14.8, ,     8.5, ,     2.9, ,    -1.4, ,     8.3, ,    -2.3, ,     6.0, ,    19.9, ,     8.7, 
 2003,    -2.1, ,    -4.2, ,     2.3, ,     9.5, ,    14.3, ,    19.8, ,    21.9, ,    20.9, ,    15.4, ,     9.7, ,    -0.2, ,    -1.7, ,     8.8, ,    -2.6, ,     8.7, ,    20.9, ,     8.3, 
 2004,    -7.5, ,     0.3, ,     5.9, ,    11.1, ,    16.1, ,    22.3, ,    22.0, ,    22.2, ,    14.6, ,     9.0, ,     2.7, ,    -1.7, ,     9.8, ,    -3.0, ,    11.0, ,    22.2, ,     8.8, 
 2005,    -7.3, ,     0.1, ,     6.0, ,    12.1, ,    18.2, ,    19.6, ,    19.5, ,    21.0, ,    15.8, ,     9.6, ,     3.2, ,    -0.9, ,     9.7, ,    -3.0, ,    12.1, ,    20.0, ,     9.5, 
 2006,     0.7, ,    -1.9, ,     2.4, ,    10.7, ,    16.7, ,    21.2, ,    22.5, ,    20.4, ,    18.0, ,     9.0, ,    -4.4, ,     0.0, ,     9.6, ,    -0.7, ,     9.9, ,    21.4, ,     7.5, 
 2007,    -3.7, ,    -1.3, ,     5.3, ,     7.3, ,    14.8, ,    18.3, ,    22.0, ,    19.6, ,    15.7, ,     9.3, ,     0.8, ,    -6.8, ,     8.4, ,    -1.7, ,     9.1, ,    20.0, ,     8.6, 
 2008,    -6.1, ,    -1.8, ,     4.2, ,     7.4, ,    16.1, ,    17.8, ,    20.5, ,    21.8, ,    16.3, ,     9.8, ,     3.9, ,    -7.1, ,     8.6, ,    -4.9, ,     9.2, ,    20.0, ,    10.0, 
 2009,    -3.0, ,    -4.9, ,     1.6, ,     8.2, ,    13.7, ,    19.5, ,    23.9, ,    21.9, ,    17.2, ,     7.5, ,     3.1, ,    -9.3, ,     8.3, ,    -5.0, ,     7.8, ,    21.8, ,     9.3, 
 2010,    -3.2, ,     0.1, ,     7.9, ,    11.3, ,    15.5, ,    18.2, ,    22.3, ,    21.6, ,    15.5, ,    10.8, ,     1.0, ,    -2.2, ,     9.9, ,    -4.1, ,    11.6, ,    20.7, ,     9.1, 
 2011,    -3.3, ,    -5.1, ,     1.8, ,     8.3, ,    14.4, ,    19.1, ,    18.4, ,    19.9, ,    17.4, ,    11.0, ,     1.8, , -9999.9,M, -9999.9,M,    -3.5, ,     8.2, ,    19.1, ,    10.1, 
 2012,    -3.8, ,     0.0, ,     5.0, ,     9.2, ,    14.7, ,    17.6, ,    24.4, ,    22.1, ,    19.6, ,     6.4, ,     0.3, ,    -5.3, ,     9.2, , -9999.9,M,     9.6, ,    21.4, ,     8.8, 
 2013,    -3.3, ,     2.7, ,     1.7, ,     7.8, ,    17.7, ,    20.1, ,    22.7, ,    22.5, ,    18.8, ,    10.3, ,     1.8, ,    -1.2, ,    10.1, ,    -2.0, ,     9.1, ,    21.8, ,    10.3, 
 2014,    -1.0, ,    -8.1, ,    -1.0, ,     8.6, ,    16.3, ,    19.3, ,    24.6, ,    23.5, ,    17.4, ,    11.5, ,    -1.2, ,    -1.8, ,     9.0, ,    -3.4, ,     8.0, ,    22.5, ,     9.2, 
 2015,    -1.0, ,     0.0, ,     6.3, ,    10.5, ,    18.8, ,    20.9, ,    23.4, ,    20.9, ,    15.3, ,    11.4, ,     1.5, ,    -2.5, ,    10.5, ,    -0.9, ,    11.9, ,    21.7, ,     9.4, 
 2016,    -2.1, ,     3.0, ,     7.4, ,    13.8, ,    16.6, ,    19.3, ,    20.8, ,    22.4, ,    15.2, ,     5.7, ,     5.0, ,    -6.9, ,    10.0, ,    -0.5, ,    12.6, ,    20.8, ,     8.6, 
 2017,    -4.8, ,    -3.9, ,     3.4, ,    10.5, ,    16.6, ,    18.6, ,    21.4, ,    22.5, ,    17.9, ,     9.7, ,    -0.8, , -9999.9,M, -9999.9,M,    -5.2, ,    10.2, ,    20.8, ,     8.9, 
