8204700,SABLE ISLAND   ,NS, station not joined, Monthly mean of homogenized daily maximum temperature                  , Deg Celcius,          Updated to December 2017
8204700,SABLE ISLAND   ,NS, station non jointe, Moyenne mensuelle des temperatures quotidiennes maximales homogeneisees, Deg Celsius, Mise a jour jusqu a decembre 2017
 Year,     Jan, ,     Feb, ,     Mar, ,     Apr, ,     May, ,     Jun, ,     Jul, ,     Aug, ,     Sep, ,     Oct, ,     Nov, ,     Dec, ,  Annual, ,  Winter, ,  Spring, ,  Summer, ,  Autumn
Annee,    Janv, ,     Fev, ,    Mars, ,     Avr, ,     Mai, ,    Juin, ,    Juil, ,    Aout, ,    Sept, ,     Oct, ,     Nov, ,     Dec, ,  Annuel, ,   Hiver, ,Printemp, ,     Ete, , Automne
 1897, -9999.9,M, -9999.9,M, -9999.9,M, -9999.9,M, -9999.9,M, -9999.9,M, -9999.9,M, -9999.9,M, -9999.9,M,    12.2, ,     7.5, ,     4.0, , -9999.9,M, -9999.9,M, -9999.9,M, -9999.9,M, -9999.9,M
 1898,     0.9, ,     2.1, ,     4.3, ,     6.1, ,     9.2, ,    13.4, ,    18.7, ,    21.5, ,    18.5, ,    13.8, ,    11.0, ,     5.5, ,    10.4, ,     2.3, ,     6.5, ,    17.9, ,    14.4, 
 1899,     2.3, ,    -0.3, ,     2.3, ,     5.6, ,     9.1, ,    14.4, ,    19.7, ,    20.8, ,    17.8, ,    13.8, ,     8.6, ,     6.7, ,    10.1, ,     2.5, ,     5.7, ,    18.3, ,    13.4, 
 1900,     5.9, ,     2.8, ,     4.4, ,     6.8, ,    10.2, ,    14.6, ,    19.3, ,    19.9, ,    18.0, ,    14.4, ,    11.1, ,     4.5, ,    11.0, ,     5.1, ,     7.1, ,    17.9, ,    14.5, 
 1901,     2.8, ,     1.1, ,     3.0, ,     6.8, ,    10.9, ,    15.3, ,    19.4, ,    22.6, ,    19.9, ,    14.6, ,     8.7, ,     6.6, ,    11.0, ,     2.8, ,     6.9, ,    19.1, ,    14.4, 
 1902,     2.7, ,     2.4, ,     5.2, ,     7.9, ,    10.3, ,    13.6, ,    16.7, ,    19.8, ,    19.1, ,    14.9, ,    10.1, ,     4.6, ,    10.6, ,     3.9, ,     7.8, ,    16.7, ,    14.7, 
 1903,     2.7, ,     0.7, ,     4.0, ,     5.4, ,     9.5, ,    11.5, ,    15.9, ,    17.8, ,    17.5, ,    13.1, ,    10.0, ,     5.6, ,     9.5, ,     2.7, ,     6.3, ,    15.1, ,    13.5, 
 1904,     0.9, ,    -0.6, ,     1.3, ,     4.9, ,    10.1, ,    13.2, ,    21.0, ,    21.0, ,    18.0, ,    13.6, ,     8.5, ,     1.7, ,     9.5, ,     2.0, ,     5.4, ,    18.4, ,    13.4, 
 1905,     1.4, ,     1.0, ,     1.6, ,     5.1, ,     8.9, ,    13.2, ,    18.5, ,    18.1, ,    15.8, ,    12.1, ,     8.6, ,     5.1, ,     9.1, ,     1.4, ,     5.2, ,    16.6, ,    12.2, 
 1906,     3.4, ,     3.4, ,     2.8, ,     5.1, ,    10.0, ,    13.2, ,    18.1, ,    20.2, ,    17.6, ,    14.6, ,     9.2, ,     4.7, ,    10.2, ,     4.0, ,     6.0, ,    17.2, ,    13.8, 
 1907,     2.8, ,     1.3, ,     1.7, ,     5.1, ,     8.3, ,    12.0, ,    17.9, ,    18.9, ,    17.5, ,    12.0, ,     9.3, ,     6.7, ,     9.5, ,     2.9, ,     5.0, ,    16.3, ,    12.9, 
 1908,     4.7, ,     2.1, ,     3.2, ,     5.3, ,     9.3, ,    14.2, ,    20.1, ,    19.4, ,    17.8, ,    14.9, ,     8.6, ,     4.8, ,    10.4, ,     4.5, ,     5.9, ,    17.9, ,    13.8, 
 1909,     2.6, ,     1.9, ,     3.0, ,     5.5, ,     9.4, ,    13.6, ,    17.8, ,    20.3, ,    18.8, ,    14.7, ,     9.5, ,     4.3, ,    10.1, ,     3.1, ,     6.0, ,    17.2, ,    14.3, 
 1910,     4.0, ,     3.5, ,     4.3, ,     7.4, ,    10.5, ,    13.9, ,    18.4, ,    19.9, ,    18.6, ,    14.0, ,     9.0, ,     4.3, ,    10.7, ,     3.9, ,     7.4, ,    17.4, ,    13.9, 
 1911,     2.9, ,    -1.3, ,     1.5, ,     3.6, ,    10.0, ,    15.2, ,    19.6, ,    21.0, ,    18.0, ,    12.1, ,     8.8, ,     4.3, ,     9.6, ,     2.0, ,     5.0, ,    18.6, ,    13.0, 
 1912,     0.8, ,    -0.1, ,     2.9, ,     5.6, ,     9.8, ,    13.7, ,    16.6, ,    18.3, ,    15.2, ,    12.1, ,     9.1, ,     5.7, ,     9.1, ,     1.7, ,     6.1, ,    16.2, ,    12.1, 
 1913,     5.5, ,     0.8, ,     4.3, ,     6.4, ,     8.9, ,    13.4, ,    16.7, ,    19.8, ,    17.6, ,    17.1, ,     9.4, ,     5.4, ,    10.4, ,     4.0, ,     6.5, ,    16.6, ,    14.7, 
 1914,     2.2, ,    -0.4, ,     2.0, ,     4.5, ,     8.6, ,    12.4, ,    15.8, ,    18.7, ,    16.9, ,    12.7, ,     8.5, ,     2.9, ,     8.7, ,     2.4, ,     5.0, ,    15.6, ,    12.7, 
 1915,     2.0, ,     1.5, ,     1.0, ,     6.1, ,     8.3, ,    13.0, ,    16.9, ,    19.1, ,    17.7, ,    12.9, ,     9.3, ,     4.6, ,     9.4, ,     2.1, ,     5.1, ,    16.3, ,    13.3, 
 1916,     1.3, ,     1.3, ,     0.2, ,     4.3, ,     7.9, ,    12.9, ,    17.4, ,    19.7, ,    18.5, ,    14.7, ,     8.0, ,     5.0, ,     9.3, ,     2.4, ,     4.1, ,    16.7, ,    13.7, 
 1917,     1.2, ,     0.4, ,     1.1, ,     3.9, ,     6.7, ,    13.9, ,    16.8, ,    22.5, ,    18.5, ,    15.8, ,     9.4, ,     4.3, ,     9.5, ,     2.2, ,     3.9, ,    17.7, ,    14.6, 
 1918,     0.4, ,     0.7, ,     1.1, ,     3.8, ,     9.3, ,    13.5, ,    17.6, ,    18.7, ,    18.0, ,    13.2, ,     8.0, ,     3.0, ,     8.9, ,     1.8, ,     4.7, ,    16.6, ,    13.1, 
 1919,     2.4, ,     1.1, ,     2.5, ,     6.1, ,     9.4, ,    12.7, ,    15.6, ,    18.1, ,    17.2, ,    12.4, ,     7.9, ,     2.9, ,     9.0, ,     2.2, ,     6.0, ,    15.5, ,    12.5, 
 1920,    -0.3, ,     1.7, ,     3.1, ,     4.4, ,     7.5, ,    12.7, ,    18.3, ,    21.2, ,    17.9, ,    14.3, ,     7.9, ,     4.0, ,     9.4, ,     1.4, ,     5.0, ,    17.4, ,    13.4, 
 1921,     1.2, ,    -0.5, ,     2.8, ,     6.5, ,     7.9, ,    13.0, ,    17.7, ,    18.8, ,    19.2, , -9999.9,M,    14.1, ,     8.0, , -9999.9,M,     1.6, ,     5.7, ,    16.5, , -9999.9,M
 1922, -9999.9,M, -9999.9,M, -9999.9,M, -9999.9,M, -9999.9,M,    14.4, ,    17.7, ,    20.7, ,    18.2, ,    12.7, ,     6.1, ,     2.3, , -9999.9,M, -9999.9,M, -9999.9,M,    17.6, ,    12.3, 
 1923,     0.7, ,    -3.4, ,    -0.1, ,     3.9, ,     8.6, ,    11.9, ,    15.7, ,    17.9, ,    16.0, ,    13.3, ,    10.0, ,     6.3, ,     8.4, ,    -0.1, ,     4.1, ,    15.2, ,    13.1, 
 1924,     3.3, ,    -1.1, ,     2.4, ,     4.2, ,     9.7, ,    13.0, ,    17.8, ,    19.7, ,    16.2, ,    11.9, ,     8.4, ,     1.6, ,     8.9, ,     2.8, ,     5.4, ,    16.8, ,    12.2, 
 1925,    -1.3, ,     3.4, ,     3.6, ,     4.8, ,     8.7, ,    12.9, ,    18.0, ,    19.6, ,    17.5, ,    10.9, ,     6.8, ,     2.2, ,     8.9, ,     1.2, ,     5.7, ,    16.8, ,    11.7, 
 1926,     1.7, ,     0.2, ,     1.4, ,     4.2, ,     8.0, ,    13.3, ,    17.6, ,    17.9, ,    16.4, ,    13.6, ,     9.6, ,     4.0, ,     9.0, ,     1.4, ,     4.5, ,    16.3, ,    13.2, 
 1927,     4.0, ,     0.4, ,     2.8, ,     4.5, ,     8.6, ,    12.7, ,    18.5, ,    20.2, ,    17.1, ,    14.5, ,    10.9, ,     5.6, ,    10.0, ,     2.8, ,     5.3, ,    17.1, ,    14.2, 
 1928,     3.3, ,     1.1, ,     2.3, ,     6.1, ,     8.4, ,    12.9, ,    18.5, ,    19.3, ,    18.3, ,    13.7, ,     8.6, ,     6.4, ,     9.9, ,     3.3, ,     5.6, ,    16.9, ,    13.5, 
 1929,     2.4, ,     0.6, ,     1.9, ,     4.0, ,     8.5, ,    12.9, ,    17.4, ,    20.0, ,    18.6, ,    14.0, ,     9.4, ,     4.0, ,     9.5, ,     3.1, ,     4.8, ,    16.8, ,    14.0, 
 1930,     2.4, ,     1.5, ,     3.4, ,     5.1, ,     8.1, ,    14.5, ,    19.1, ,    19.8, ,    18.5, ,    14.2, ,     9.4, ,     5.3, ,    10.1, ,     2.6, ,     5.5, ,    17.8, ,    14.0, 
 1931,     2.9, ,     2.3, ,     3.8, ,     7.3, ,    11.3, ,    14.6, ,    20.9, ,    20.9, ,    18.2, ,    13.9, ,     9.9, ,     5.2, ,    10.9, ,     3.5, ,     7.5, ,    18.8, ,    14.0, 
 1932,     3.7, ,    -0.7, ,     2.2, ,     5.8, ,     8.9, ,    13.3, ,    17.7, ,    21.1, ,    17.8, ,    13.8, ,    10.2, ,     6.1, ,    10.0, ,     2.7, ,     5.6, ,    17.4, ,    13.9, 
 1933,     4.7, ,     3.5, ,     2.3, ,     5.3, ,     9.5, ,    13.6, ,    18.1, ,    20.5, ,    18.4, ,    15.6, ,     8.9, ,     3.0, ,    10.3, ,     4.8, ,     5.7, ,    17.4, ,    14.3, 
 1934,     1.2, ,     1.1, ,     2.0, ,     5.0, ,     9.7, ,    12.2, ,    18.6, ,    20.0, ,    19.7, ,    14.3, ,    10.2, ,     2.8, ,     9.7, ,     1.8, ,     5.6, ,    16.9, ,    14.7, 
 1935,     1.3, ,     1.1, ,     0.6, ,     3.9, ,     8.2, ,    11.5, ,    17.8, ,    19.9, ,    17.1, ,    13.3, ,    10.2, ,     3.6, ,     9.0, ,     1.7, ,     4.2, ,    16.4, ,    13.5, 
 1936,     2.4, ,    -0.8, ,     4.0, ,     6.1, ,     9.4, ,    14.9, ,    17.5, ,    20.1, ,    17.3, ,    13.3, ,    10.3, ,     6.0, ,    10.0, ,     1.7, ,     6.5, ,    17.5, ,    13.6, 
 1937,     3.6, ,     2.0, ,     2.0, ,     5.2, ,     9.0, ,    15.3, , -9999.9,M,    21.1, ,    20.5, ,    14.0, ,     9.4, ,     5.4, , -9999.9,M,     3.9, ,     5.4, , -9999.9,M,    14.6, 
 1938,     1.7, ,    -0.7, ,     1.3, ,     6.1, ,     8.3, ,    14.8, ,    18.6, ,    21.3, ,    19.3, ,    14.8, ,    10.8, ,     5.5, ,    10.2, ,     2.1, ,     5.2, ,    18.2, ,    15.0, 
 1939,     1.5, ,     1.6, ,     1.0, ,     5.0, ,     7.1, ,    11.0, ,    16.8, ,    20.9, ,    18.1, ,    14.5, ,     7.8, ,     5.0, ,     9.2, ,     2.9, ,     4.4, ,    16.2, ,    13.5, 
 1940,    -0.2, ,     0.3, ,     2.0, ,     4.2, ,     9.5, ,    12.5, ,    17.3, ,    19.0, ,    18.5, ,    12.9, ,     8.9, ,     5.1, ,     9.2, ,     1.7, ,     5.2, ,    16.3, ,    13.4, 
 1941,     0.3, ,     0.7, ,     1.6, ,     4.1, ,     8.6, ,    12.0, ,    18.0, ,    18.5, ,    15.4, ,    11.8, ,     8.9, ,     4.4, ,     8.7, ,     2.0, ,     4.8, ,    16.2, ,    12.0, 
 1942,     2.5, ,    -0.4, ,     3.1, ,     4.9, ,     9.9, ,    12.8, ,    19.0, ,    21.2, ,    20.5, ,    16.2, ,    10.5, ,     2.3, ,    10.2, ,     2.2, ,     6.0, ,    17.7, ,    15.7, 
 1943,    -0.9, ,     2.1, ,     1.8, ,     4.4, ,     8.2, ,    11.4, ,    17.1, ,    19.4, ,    19.0, ,    14.6, ,    10.7, ,     3.5, ,     9.3, ,     1.2, ,     4.8, ,    16.0, ,    14.8, 
 1944,     1.5, ,     0.7, ,     1.2, ,     5.0, ,    10.3, ,    14.2, ,    17.0, ,    20.2, ,    19.3, ,    14.8, ,     9.5, ,     6.2, ,    10.0, ,     1.9, ,     5.5, ,    17.1, ,    14.5, 
 1945,     4.2, ,     1.5, ,     3.8, ,     6.6, ,     8.6, ,    12.4, ,    18.8, ,    21.2, ,    20.2, ,    15.4, ,    10.3, ,     3.1, ,    10.5, ,     4.0, ,     6.3, ,    17.5, ,    15.3, 
 1946,     2.7, ,     1.3, ,     3.9, ,     6.0, ,    10.4, ,    14.7, ,    18.2, ,    20.4, ,    19.3, ,    15.4, ,     9.8, ,     6.0, ,    10.7, ,     2.4, ,     6.8, ,    17.8, ,    14.8, 
 1947,     2.4, ,     3.0, ,     3.2, ,     4.9, ,    10.1, ,    12.9, ,    20.3, ,    21.2, ,    19.6, ,    13.3, ,     8.0, ,     2.3, ,    10.1, ,     3.8, ,     6.1, ,    18.1, ,    13.6, 
 1948,     1.6, ,    -1.2, ,     0.9, ,     4.5, ,     9.7, ,    13.3, ,    17.5, ,    19.3, ,    17.8, ,    12.7, ,     9.9, ,     5.2, ,     9.3, ,     0.9, ,     5.0, ,    16.7, ,    13.5, 
 1949,     3.7, ,     2.1, ,     5.3, ,     6.7, ,     9.4, ,    14.1, ,    19.3, ,    20.1, ,    19.1, ,    14.6, ,    11.4, ,     7.1, ,    11.1, ,     3.7, ,     7.1, ,    17.8, ,    15.0, 
 1950,     3.1, ,     0.6, ,     1.8, ,     5.2, ,     9.6, ,    14.7, ,    18.6, ,    19.9, ,    17.1, ,    13.8, ,    11.4, ,     8.3, ,    10.3, ,     3.6, ,     5.5, ,    17.7, ,    14.1, 
 1951,     6.2, ,     4.8, ,     4.0, ,     8.2, ,    11.6, ,    14.5, ,    20.9, ,    22.2, ,    19.6, ,    14.5, ,    11.6, ,     6.2, ,    12.0, ,     6.4, ,     7.9, ,    19.2, ,    15.2, 
 1952,     5.6, ,     4.1, ,     3.3, ,     6.9, ,     8.7, ,    14.0, ,    18.7, ,    21.5, ,    18.4, ,    14.7, ,     9.1, ,     4.8, ,    10.8, ,     5.3, ,     6.3, ,    18.1, ,    14.1, 
 1953,     4.6, ,     3.2, ,     3.2, ,     6.6, ,     8.6, ,    13.4, ,    18.3, ,    18.4, ,    18.5, ,    14.6, ,    10.7, ,     8.4, ,    10.7, ,     4.2, ,     6.1, ,    16.7, ,    14.6, 
 1954,     4.3, ,     4.8, ,     4.1, ,     5.5, ,     9.8, ,    14.3, ,    18.2, ,    19.1, ,    17.8, ,    14.4, ,    10.6, ,     8.0, ,    10.9, ,     5.8, ,     6.5, ,    17.2, ,    14.3, 
 1955,     2.4, ,     1.8, ,     3.0, ,     4.8, ,     8.0, ,    12.0, ,    17.1, ,    19.4, ,    17.6, ,    12.9, ,     8.2, ,     1.9, ,     9.1, ,     4.1, ,     5.3, ,    16.2, ,    12.9, 
 1956,     4.2, ,     2.3, ,     2.9, ,     5.4, ,     8.1, ,    12.4, ,    17.0, ,    18.7, ,    16.8, ,    13.6, ,    10.5, ,     6.4, ,     9.9, ,     2.8, ,     5.5, ,    16.0, ,    13.6, 
 1957,     1.0, ,     1.6, ,     2.2, ,     5.1, ,     7.8, ,    13.3, ,    17.7, ,    19.9, ,    18.4, ,    13.7, ,    10.2, ,     7.4, ,     9.9, ,     3.0, ,     5.0, ,    17.0, ,    14.1, 
 1958,     4.2, ,     3.0, ,     3.8, ,     8.0, ,    10.7, ,    14.2, ,    18.1, ,    20.6, ,    17.8, ,    12.3, ,     9.7, ,     2.1, ,    10.4, ,     4.9, ,     7.5, ,    17.6, ,    13.3, 
 1959,     1.3, ,    -0.2, ,     2.6, ,     4.9, ,     7.5, ,    11.7, ,    16.8, ,    18.8, ,    17.6, ,    13.3, ,    10.2, ,     5.4, ,     9.2, ,     1.1, ,     5.0, ,    15.8, ,    13.7, 
 1960,     2.0, ,     3.5, ,     2.8, ,     6.0, ,    10.7, ,    14.8, ,    18.5, ,    20.6, ,    19.3, ,    13.3, ,     9.4, ,     5.4, ,    10.5, ,     3.6, ,     6.5, ,    18.0, ,    14.0, 
 1961,     1.6, ,    -0.2, ,     0.9, ,     3.8, ,     8.4, ,    13.5, ,    16.8, ,    20.0, ,    20.7, ,    16.8, ,    10.8, ,     5.0, ,     9.8, ,     2.3, ,     4.4, ,    16.8, ,    16.1, 
 1962,     3.3, ,     0.1, ,     1.9, ,     6.5, ,     8.6, ,    13.0, ,    16.2, ,    18.8, ,    17.5, ,    13.3, ,     9.7, ,     5.8, ,     9.6, ,     2.8, ,     5.7, ,    16.0, ,    13.5, 
 1963,     5.0, ,     1.9, ,     2.1, ,     4.4, ,     9.0, ,    13.1, ,    18.2, ,    19.1, ,    17.1, ,    13.6, ,    10.1, ,     3.0, ,     9.7, ,     4.2, ,     5.2, ,    16.8, ,    13.6, 
 1964,     2.2, ,     1.9, ,     2.7, ,     5.9, ,     9.7, ,    12.8, ,    16.7, ,    18.1, ,    17.4, ,    13.9, ,     7.2, ,     5.4, ,     9.5, ,     2.4, ,     6.1, ,    15.9, ,    12.8, 
 1965,     2.4, ,     0.7, ,     1.0, ,     3.8, ,     7.0, ,    12.1, ,    17.2, ,    19.2, ,    16.7, ,    13.3, ,     8.1, ,     4.0, ,     8.8, ,     2.8, ,     3.9, ,    16.2, ,    12.7, 
 1966,     2.1, ,     0.6, ,     3.6, ,     4.2, ,     8.8, ,    13.0, ,    17.8, ,    20.1, ,    17.8, ,    13.7, ,    10.5, ,     7.2, ,    10.0, ,     2.2, ,     5.5, ,    17.0, ,    14.0, 
 1967,     3.8, ,     2.1, ,     2.5, ,     4.0, ,     8.5, ,    13.2, ,    18.5, ,    22.0, ,    19.0, ,    15.6, ,    11.3, ,     5.2, ,    10.5, ,     4.4, ,     5.0, ,    17.9, ,    15.3, 
 1968,     1.4, ,     0.9, ,     4.1, ,     6.9, ,     9.8, ,    13.3, ,    19.2, ,    19.9, ,    18.8, ,    15.5, ,     9.1, ,     5.6, ,    10.4, ,     2.5, ,     6.9, ,    17.5, ,    14.5, 
 1969,     3.6, ,     3.1, ,     3.5, ,     6.5, ,     9.6, ,    14.1, ,    17.5, ,    19.9, ,    18.6, ,    14.1, ,    10.7, ,     7.7, ,    10.7, ,     4.1, ,     6.5, ,    17.2, ,    14.5, 
 1970,     0.1, ,     3.1, ,     2.7, ,     5.5, ,    10.3, ,    14.4, ,    19.1, ,    21.7, ,    17.7, ,    14.3, ,    10.8, ,     3.8, ,    10.3, ,     3.6, ,     6.2, ,    18.4, ,    14.3, 
 1971,     1.0, ,     1.2, ,     4.4, ,     7.5, ,    10.7, ,    14.0, ,    18.7, ,    21.6, ,    18.7, ,    14.4, ,     9.8, ,     4.4, ,    10.5, ,     2.0, ,     7.5, ,    18.1, ,    14.3, 
 1972,     3.1, ,     0.8, ,     3.2, ,     4.6, ,     8.6, ,    15.1, ,    18.8, ,    20.5, ,    18.9, ,    13.8, ,     7.9, ,     4.5, ,    10.0, ,     2.8, ,     5.5, ,    18.1, ,    13.5, 
 1973,     1.9, ,     1.9, ,     2.8, ,     4.9, ,     8.2, ,    14.7, ,    19.3, ,    19.9, ,    18.1, ,    13.5, ,     7.6, ,     7.2, ,    10.0, ,     2.8, ,     5.3, ,    18.0, ,    13.1, 
 1974,     2.4, ,     1.6, ,     2.8, ,     6.5, ,     7.2, ,    12.3, ,    15.8, ,    19.8, ,    18.1, ,    13.2, ,     9.2, ,     5.4, ,     9.5, ,     3.7, ,     5.5, ,    16.0, ,    13.5, 
 1975,     3.9, ,    -0.2, ,     3.3, ,     4.6, ,     8.6, ,    12.0, ,    17.7, ,    19.0, ,    18.0, ,    13.1, ,    10.1, ,     4.8, ,     9.6, ,     3.0, ,     5.5, ,    16.2, ,    13.7, 
 1976,     3.5, ,     3.8, ,     3.6, ,     6.3, ,    10.2, ,    14.0, ,    18.1, ,    20.6, ,    19.3, ,    15.0, ,     9.2, ,     5.8, ,    10.8, ,     4.0, ,     6.7, ,    17.6, ,    14.5, 
 1977,     1.6, ,     1.9, ,     4.3, ,     6.3, ,     9.6, ,    14.0, ,    18.5, ,    20.4, ,    18.0, ,    14.2, ,    11.1, ,     5.0, ,    10.4, ,     3.1, ,     6.7, ,    17.6, ,    14.4, 
 1978,     3.8, ,    -0.2, ,     2.7, ,     4.8, ,     9.4, ,    14.5, ,    19.0, ,    20.9, ,    16.3, ,    13.4, ,     8.6, ,     4.8, ,     9.8, ,     2.9, ,     5.6, ,    18.1, ,    12.8, 
 1979,     3.4, ,    -2.0, ,     3.6, ,     5.5, ,    11.5, ,    15.0, ,    18.5, ,    20.4, ,    18.6, ,    14.9, ,    11.9, ,     6.0, ,    10.6, ,     2.1, ,     6.9, ,    18.0, ,    15.1, 
 1980,     2.6, ,     0.5, ,     2.0, ,     5.7, ,     8.4, ,    13.2, ,    18.0, ,    19.3, ,    18.1, ,    13.8, ,     7.9, ,     4.0, ,     9.5, ,     3.0, ,     5.4, ,    16.8, ,    13.3, 
 1981,     2.3, ,     3.5, ,     3.9, ,     7.1, ,    11.9, ,    14.4, ,    18.6, ,    20.2, ,    18.4, ,    14.0, ,    10.4, ,     7.1, ,    11.0, ,     3.3, ,     7.6, ,    17.7, ,    14.3, 
 1982,     2.3, ,     1.2, ,     2.9, ,     6.3, ,     9.1, ,    11.9, ,    18.0, ,    20.3, ,    19.7, ,    13.4, ,    11.6, ,     6.8, ,    10.3, ,     3.5, ,     6.1, ,    16.7, ,    14.9, 
 1983,     4.3, ,     2.2, ,     4.3, ,     8.1, ,    11.5, ,    15.4, ,    19.5, ,    20.3, ,    19.5, ,    14.8, ,     9.5, ,     5.4, ,    11.2, ,     4.4, ,     8.0, ,    18.4, ,    14.6, 
 1984,     3.1, ,     4.0, ,     4.6, ,     6.4, ,    11.8, ,    15.3, ,    20.1, ,    23.3, ,    18.1, ,    13.1, ,     9.3, ,     6.9, ,    11.3, ,     4.2, ,     7.6, ,    19.6, ,    13.5, 
 1985,     0.9, ,     1.2, ,     2.6, ,     4.7, ,     9.5, ,    13.6, ,    18.4, ,    20.0, ,    17.7, ,    13.5, ,     8.2, ,     3.7, ,     9.5, ,     3.0, ,     5.6, ,    17.3, ,    13.1, 
 1986,     4.3, ,     0.9, ,     3.6, ,     6.8, ,     9.5, ,    13.5, ,    17.2, ,    19.7, ,    16.1, ,    12.7, ,     8.6, ,     4.7, ,     9.8, ,     3.0, ,     6.6, ,    16.8, ,    12.5, 
 1987,     1.9, ,    -0.2, ,     1.0, ,     6.6, ,     8.9, ,    13.2, ,    19.2, ,    20.5, ,    17.9, ,    15.0, ,     9.4, ,     5.1, ,     9.9, ,     2.1, ,     5.5, ,    17.6, ,    14.1, 
 1988,     2.6, ,     3.1, ,     3.5, ,     5.9, ,    10.3, ,    13.8, ,    18.6, ,    20.2, ,    17.5, ,    13.5, ,     9.7, ,     4.3, ,    10.3, ,     3.6, ,     6.6, ,    17.5, ,    13.6, 
 1989,     2.7, ,     1.7, ,     2.2, ,     6.6, ,    11.8, ,    13.8, ,    18.3, ,    21.4, ,    19.4, ,    13.8, ,    11.0, ,     0.7, ,    10.3, ,     2.9, ,     6.9, ,    17.8, ,    14.7, 
 1990,     3.6, ,     1.3, ,     2.3, ,     6.9, ,     8.9, ,    13.9, ,    17.5, ,    21.4, ,    19.4, ,    15.6, ,     9.5, ,     7.4, ,    10.6, ,     1.9, ,     6.0, ,    17.6, ,    14.8, 
 1991,     2.3, ,     2.7, ,     4.0, ,     6.2, ,    10.1, ,    13.7, ,    18.9, ,    20.6, ,    18.3, ,    14.9, ,    10.3, ,     5.8, ,    10.7, ,     4.1, ,     6.8, ,    17.7, ,    14.5, 
 1992,     1.0, ,     1.8, ,     2.1, ,     4.3, ,     9.7, ,    14.5, ,    17.2, ,    20.6, ,    19.7, ,    14.0, ,     8.4, ,     5.0, ,     9.9, ,     2.9, ,     5.4, ,    17.4, ,    14.0, 
 1993,     1.7, ,     1.3, ,     4.8, ,     7.6, ,    10.5, ,    13.7, ,    17.1, ,    19.7, ,    18.9, ,    14.3, ,    10.2, ,     6.9, ,    10.6, ,     2.7, ,     7.6, ,    16.8, ,    14.5, 
 1994,     2.8, ,     0.5, ,     3.9, ,     8.0, ,     9.8, ,    15.3, ,    20.7, ,    23.1, ,    18.9, ,    13.5, ,     9.8, ,     5.2, ,    11.0, ,     3.4, ,     7.2, ,    19.7, ,    14.1, 
 1995,     4.1, ,     1.9, ,     3.1, , -9999.9,M,     8.7,E,    13.7, ,    18.4, ,    20.0, ,    17.2, ,    15.2, ,    10.4, ,     3.6,E, -9999.9,M,     3.7, , -9999.9,M,    17.4, ,    14.3, 
 1996,     1.8, ,     3.1, ,     3.3, ,     6.6,E,     9.5, ,    14.3, ,    17.4, , -9999.9,M,    18.0,E,    12.0, ,     7.9,E,     6.9, , -9999.9,M,     2.8,E,     6.5,E, -9999.9,M,    12.6,E
 1997,     2.8, ,     2.7, ,     1.5, ,     4.8, ,     9.7,E,    12.4,E,    17.9, ,    19.6, ,    18.4, ,    12.1, ,     8.7, ,     4.0,E,     9.6,E,     4.1, ,     5.3,E,    16.6,E,    13.1, 
 1998,     2.6, ,     1.8, ,     4.4, ,     7.0, ,    11.1, ,    14.5,E,    18.2, ,    21.5, ,    19.0, ,    13.5, ,     9.0,E,     6.0, ,    10.7,E,     2.8,E,     7.5, ,    18.1,E,    13.8,E
 1999,     3.4, ,     3.7, ,     6.8, ,     6.6, ,    13.0, ,    16.6, ,    20.6,E,    21.9, ,    21.7, ,    14.8, ,    10.2, ,     7.1,E,    12.2,E,     4.4, ,     8.8, ,    19.7,E,    15.6, 
 2000,     5.3, ,     3.8, ,     5.5, ,     7.6, ,     9.8, ,    14.9, ,    18.0, ,    20.5, ,    19.2, ,    15.8, ,    10.1, ,     5.1, ,    11.3, ,     5.4,E,     7.6, ,    17.8, ,    15.0, 
 2001,     2.0, ,     1.2, ,     2.6, ,     5.6, ,     9.7, ,    15.4, ,    17.8, ,    19.7, ,    19.0, ,    16.0, ,    10.6, ,     7.2, ,    10.6, ,     2.8, ,     6.0, ,    17.6, ,    15.2, 
 2002,     4.0,E,     3.1, ,     4.8, ,     6.9, ,    10.5, ,    13.2, ,    17.2, ,    20.7, ,    19.3, ,    13.3, ,     9.4, ,     4.8, ,    10.6,E,     4.8,E,     7.4, ,    17.0, ,    14.0, 
 2003,     1.5, ,     0.4, ,     2.6,E,     5.3, ,     9.1, ,    14.1, ,    19.3, ,    21.1, ,    20.4, ,    16.5, ,    10.6, ,     6.4, ,    10.6,E,     2.2, ,     5.7,E,    18.2, ,    15.8, 
 2004,    -0.6, ,     0.7, ,     2.5, ,     6.9,E,     9.1,E,    13.5, ,    17.8,E,    21.4, ,    18.0,E,    13.7, ,     8.7, ,     6.6, ,     9.9,E,     2.2, ,     6.2,E,    17.6,E,    13.5,E
 2005,     2.1,E,     1.5,E,     2.9,E,     7.5, ,     9.5, ,    13.3, ,    19.2,E,    21.3,E,    20.4, ,    15.9,E,    11.6, ,     6.9,E,    11.0,E,     3.4,E,     6.6,E,    17.9,E,    16.0,E
 2006,     6.0, ,     2.9, ,     3.8,E,     7.1, ,    11.4, ,    15.3, ,    19.7, ,    21.0, ,    19.0,E,    14.7, ,    11.5, ,     7.0, ,    11.6,E,     5.3,E,     7.4,E,    18.7, ,    15.1,E
 2007,     3.6, ,    -0.1, ,     2.7, ,     5.4, ,     9.2, ,    13.4, ,    17.9, ,    21.0,E,    18.8, ,    15.1, ,    10.7, ,     4.3, ,    10.2,E,     3.5, ,     5.8, ,    17.4,E,    14.9, 
 2008,     4.2, ,     3.1,E,     3.1,E,     6.5,E,     8.6,E,    13.7, ,    18.9,E,    20.2, ,    17.9, ,    14.2,E,    10.6,E,     7.8, ,    10.7,E,     3.9,E,     6.1,E,    17.6,E,    14.2,E
 2009,     2.6, ,     2.8,E,     3.1, ,     7.9, ,    11.3,E,    15.3,E,    19.4, ,    20.8, ,    18.0, ,    12.8,E,    11.0,E, -9999.9,M, -9999.9,M,     4.4,E,     7.4,E,    18.5,E,    13.9,E
 2010, -9999.9,M,     2.6,E,     5.3,E,     8.2,E,    11.1,E,    14.8,E, -9999.9,M, -9999.9,M, -9999.9,M, -9999.9,M, -9999.9,M, -9999.9,M, -9999.9,M, -9999.9,M,     8.2,E, -9999.9,M, -9999.9,M
 2011, -9999.9,M, -9999.9,M,     3.9,E,     7.8,E,    11.1, ,    13.6, ,    17.7, ,    19.8, ,    19.1, ,    14.9, ,    11.5, ,     7.8, , -9999.9,M, -9999.9,M,     7.6,E,    17.0, ,    15.2, 
 2012,     5.9, ,     3.4, ,     4.7, ,     8.6, ,    11.8, ,    13.8, ,    19.6, ,    22.8, ,    21.0, ,    16.0,E,    11.1, ,     7.4, ,    12.2,E,     5.7, ,     8.4, ,    18.7, ,    16.0,E
 2013,     2.6, ,     2.8,E,     4.1, ,     7.0, ,    11.2, ,    14.9, ,    20.2, ,    21.7, ,    19.7, ,    15.4, ,    10.4, ,     6.1, ,    11.3,E,     4.3,E,     7.4, ,    18.9, ,    15.2, 
 2014,     4.5, ,     2.6, ,     3.2, ,     6.8, ,    10.0, , -9999.9,M,    20.7, , -9999.9,M, -9999.9,M,    16.8, ,    12.5, ,     8.4, , -9999.9,M,     4.4, ,     6.7, , -9999.9,M, -9999.9,M
 2015,     4.7,E,     2.5, ,     2.3, ,     6.0, ,    11.0, ,    13.9,E,    18.0, , -9999.9,M,    20.2,E,    15.6,E,    10.0,E,     7.9,E, -9999.9,M,     5.2,E,     6.4, , -9999.9,M,    15.3,E
 2016,     3.6,E,     5.1,E,     5.3, ,     7.1,E,    11.3,E,    14.6,E,    18.9,E,    21.8,E,    20.3,E,    15.6, ,    11.5, ,     6.3,E,    11.8,E,     5.5,E,     7.9,E,    18.4,E,    15.8,E
 2017,     4.9, ,     3.9,E,     2.7, ,     6.7, ,    10.1, ,    14.3,E,    19.0, ,    21.1, ,    19.2,E, -9999.9,M, -9999.9,M, -9999.9,M, -9999.9,M,     5.0,E,     6.5, ,    18.1,E, -9999.9,M
